0.0,0.0,0.0
0.0,0.0,0.0
0.0,0.0,0.0
0.0,0.0,0.0
0.0,0.0,0.0
0.0,0.0,0.0
0.0,0.0,0.0
0.0,0.0,0.0
0.0,0.0,0.0
0.0,0.0,0.0
0.0,0.0,0.0
0.0,0.0,0.0
0.0,0.0,0.0
0.0,0.0,0.0
0.0,0.0,0.0
0.0,0.0,0.0
0.18625439317075368,-0.47342631085369125,1.7627003544963402
0.18625439317075368,-0.47342631085369125,1.7627003544963402
0.18625651379483474,-0.4734263878634222,1.7626204615547318
0.18625651379483474,-0.4734263878634222,1.7626204615547318
0.1862703010195991,-0.47337002013783247,1.7626412281690615
0.1862939375711423,-0.4733976220494627,1.762637563620459
0.1862939375711423,-0.4733976220494627,1.762637563620459
0.18630760031973662,-0.4734223633945785,1.7626442501582045
0.18630760031973662,-0.4734223633945785,1.7626442501582045
0.186316320459455,-0.4734344155729277,1.7625999209059842
0.18633027660907603,-0.47344121086833507,1.762581046307238
0.18643607688353936,-0.47317700465989715,1.7618162438059017
0.18990958001142522,-0.47253637660750847,1.7407500635464264
0.18738305558207613,-0.4750747720178878,1.7034827437435
0.18624688932496206,-0.477604048544794,1.6265799531377025
0.1854168007538841,-0.48116161831854454,1.5702641492484877
0.18038055235480968,-0.48298024278699,1.4911621840238474
0.17636213433995077,-0.485191701971639,1.404329815936392
0.1724845340645685,-0.48795658795254737,1.3234138518282283
0.1673685331950085,-0.4915692679917924,1.2281787783293316
0.1580817852016976,-0.5001351064185074,1.0307003199773654
0.1580817852016976,-0.5001351064185074,1.0307003199773654
0.1523057064867547,-0.5044745520661169,0.9176794940829185
0.1441232675819639,-0.5050429553101712,0.7827915455034354
0.13538739503836023,-0.5093374387916402,0.594427670138622
0.12640367526995255,-0.5153331604891931,0.43481814583798517
0.1191804282591055,-0.510858824906269,0.28198492395882946
0.11013545455564692,-0.5231393179973032,0.025386888251717865
0.09970254250249588,-0.5416625981546994,-0.2792278650977844
0.09019739416834863,-0.5499952573394282,-0.5019473695905339
0.08693426598922975,-0.5541875428693083,-0.763704865500962
0.08942054056374384,-0.5623067114292364,-1.0129512557140792
0.09078365847000404,-0.5694554882389316,-1.220441709758903
0.09403938116684735,-0.5713673704138845,-1.427132827730705
0.1044095336009778,-0.5724111692966258,-1.6197279212448648
0.10918712820039632,-0.5791404486751298,-1.811226193784649
0.12345820316097249,-0.5807079132108864,-2.0030132468000454
0.13523209187081048,-0.5848346200537425,-2.216096689939679
0.15235361868665026,-0.5835771122283253,-2.4421191845108146
0.17411747501158245,-0.5883777615733633,-2.627502599500766
0.18010312554580127,-0.5926274734084498,-2.798201438804476
0.19562145332518055,-0.5983070150272056,-3.0250696405541957
0.21040409912411295,-0.6100585734801972,-3.219020914476914
0.21414013613323812,-0.6202148783459851,-3.3887485978939242
0.2144734779724634,-0.6296226222858549,-3.617538775079221
0.21415203787543483,-0.6330639951898216,-3.784722945722499
0.2053810250593382,-0.6342683050813593,-3.9496222324850745
0.1973272657140643,-0.6391052485395907,-4.086830797208241
0.19863523387559617,-0.6382659843410878,-4.323208835799243
0.20172377038908051,-0.6494642045338477,-4.5359146732736
0.20535946516065348,-0.6535995580043487,-4.690084115574492
0.21186401089091905,-0.6631186353717415,-4.902803770401336
0.21776309719436,-0.6713971789711418,-5.081791892878205
0.22584588440890344,-0.6756768914022729,-5.345355658324085
0.23506508633139184,-0.6811213923206997,-5.5501265067756265
0.2421144528633531,-0.6872394690018483,-5.73299292863086
0.253719643711122,-0.6957251193451839,-6.042976646534283
0.2671108975483558,-0.7057222323333681,-6.203512870464374
0.2621967754773711,-0.7138353348735833,-6.401330720755858
0.25165015706716665,-0.7217834457090933,-6.552319463795811
0.2422639692104186,-0.7307998394350513,-6.645586436103741
0.23062345377901877,-0.7380198258403681,-6.721605590416374
0.21692450056392645,-0.7379037155871433,-6.7748015182518415
0.1867219092563513,-0.7410963862041597,-6.866808409521028
0.137205901527259,-0.750529702917988,-6.990093890842774
0.08204387991805473,-0.7525583762519553,-7.086613985580062
0.010981688828625269,-0.7520337370714787,-7.186571304919383
-0.07716154289530106,-0.753782569305119,-7.305086964895283
-0.25882801785540277,-0.7620237047889259,-7.512033730671046
-0.36045934548507286,-0.7662493285975811,-7.598236423817866
-0.4892627066906081,-0.772996482820611,-7.678406243223863
-0.7410445231324609,-0.7904585047064066,-7.794956499561579
-1.005024512824385,-0.7940164426508128,-7.87622623122329
-1.2020226212329455,-0.7942130749913896,-7.872020812285902
-1.455036506550093,-0.7935269255695716,-7.809080023746935
-1.7779616393863276,-0.774322933411214,-7.583570951828353
-1.9433987879501893,-0.7727514402901304,-7.342859297050099
-1.9748874081172576,-0.7615776060808024,-7.116432529030602
-1.9553069716865656,-0.7543489234033471,-6.98423009461853
-1.8217492590530164,-0.7323339152257488,-6.734729717675108
-1.7460373261376023,-0.7229342113659023,-6.637611144859031
-1.6964193994638566,-0.7194330510680087,-6.50978942689761
-1.6148694034736406,-0.7106238325811748,-6.340112354648127
-1.5071738605979672,-0.7003357945309799,-6.126716377751314
-1.370301008858084,-0.6871665935906472,-5.880035747507607
-1.3082662191924517,-0.6804810303568489,-5.69804128283864
-1.2633200104573408,-0.6742888750598804,-5.389476513330719
-1.2175341495068663,-0.6648951627836925,-5.156083052262039
-1.1727295166139013,-0.6526240502182075,-4.931262784326797
-1.1323613889354047,-0.6402261903742976,-4.686590580238909
-1.1034545756520906,-0.6397405995862175,-4.427732593336353
-1.0657675048267725,-0.6208528102274109,-4.045354779918817
-1.0552934228583797,-0.60613413767418,-3.7927697365120228
-1.0265739989076226,-0.5932512683587561,-3.4616389891914645
-1.0117672708147973,-0.5799957859630765,-3.150018549714434
-0.9756811797546147,-0.5706747895021532,-2.703456659726956
-0.9565950896570358,-0.5648420842522702,-2.4292784806064933
-0.9402865260796313,-0.5592170033783292,-2.198469613523007
-0.9254017572130971,-0.5447404972268204,-1.8155215288776276
-0.9571073141682577,-0.535775228574618,-1.5012494294925534
-1.1332934746558712,-0.5348593133103163,-1.2759573869535246
-1.3627031281886255,-0.5330832891647318,-1.126511790729561
-1.7973604497382256,-0.5451320305035557,-1.1233424843391322
-2.0948176474418982,-0.5697150385347224,-1.2751812213489442
-2.2652148860086925,-0.5692455681394718,-1.4943304077067088
-2.3232231649920276,-0.569470001776234,-1.8122540053289622
-2.258120440831205,-0.5797448264993588,-2.0748949893399473
-2.1773947492730734,-0.5854623837368437,-2.2425273046197463
-2.131713439695,-0.5948391509870421,-2.4664103857466966
-2.115322595532131,-0.6011234996058398,-2.820814864338801
-2.0969010823371717,-0.6097679356924763,-3.0337181373255175
-2.1148451939411923,-0.6111247327965311,-3.301061222954279
-2.1313931431835806,-0.6171545046642106,-3.4928341715771243
-2.160065749220001,-0.6210380672539378,-3.7265978531238435
-2.207547373682452,-0.6248158201388397,-4.055263487070556
-2.2573008319597907,-0.6342368801621971,-4.310860130880149
-2.3261947131214313,-0.6433612371379716,-4.631315359615301
-2.4152255069987323,-0.6509187392986474,-4.971003738471337
-2.4781591293894594,-0.6650006518042176,-5.180242684337127
-2.5426861098237765,-0.6776623559893563,-5.465364288445497
-2.589340950906543,-0.6928118466147972,-5.754839973990555
-2.6456104348926046,-0.7003338323082069,-6.076052763141605
-2.672999452830331,-0.715680954094069,-6.312404466258393
-2.7179629401612164,-0.7209847919771681,-6.672368339902064
-2.7428638112757087,-0.7333901482054798,-6.8965798600531905
-2.8023697267611634,-0.7443673824377322,-7.199557237370154
-2.925409490960284,-0.7567313700155627,-7.543853266421664
-3.0342101308858336,-0.7642520871523011,-7.79010616163251
-3.1576765851344977,-0.7750811236548558,-7.987141509895407
-3.4320459605994884,-0.7914328996508704,-8.257922304427105
-3.71743685161007,-0.8036193417599808,-8.442484602786413
-3.9939435786425195,-0.7957985833158789,-8.466276413776962
-4.350794766035949,-0.784532090657913,-8.363685577610031
-4.547605510030263,-0.7676826921344089,-8.175457393338194
-4.632677276258185,-0.7592993717046141,-8.042358222553545
-4.674514317895497,-0.7507848369163104,-7.857773795197517
-4.6688485327231035,-0.7462334815128011,-7.697477602456853
-4.656760793452009,-0.7225167152345631,-7.375830870245663
-4.573831730368993,-0.7040003123917569,-7.193646525019293
-4.520608175935669,-0.7021126658985282,-7.019333654024614
-4.433665217262473,-0.6846103937698625,-6.76244419473867
-4.340948605346571,-0.6725464654076505,-6.5583097489947395
-4.239976338031438,-0.6695241435255805,-6.34937296637111
-4.0971808385633315,-0.6599824446567326,-6.065502564917413
-3.986674805819728,-0.6377766773049791,-5.828670807764618
-3.862223037667868,-0.6070868545616062,-5.589065485412942
-3.7652561245192087,-0.5929535708430134,-5.29993007549378
-3.624092203465091,-0.575175858981507,-4.917693942933853
-3.5549883043566792,-0.5624954236995741,-4.6729688950464014
-3.490995214544272,-0.5462248271662744,-4.3373694619077146
-3.4550573709210184,-0.5365455886297111,-3.966257635783065
-3.4265389035954095,-0.5228868640782373,-3.7285356191983103
-3.4129635372690035,-0.5085398944488463,-3.4088190100667406
-3.421303002860361,-0.49981823952460136,-3.221100976841462
-3.4312304215304135,-0.47364072007540936,-2.751754352382221
-3.45612784144299,-0.4590493401762503,-2.3965826315369165
-3.4436330787829186,-0.42751178313027427,-2.194473660800452
-3.4892738791727353,-0.39632943947804083,-2.046885159964381
-3.504228687689661,-0.3624684037959299,-1.9559599822331124
-3.544145055840748,-0.31481006918845933,-1.787465326797432
-3.5841964941641726,-0.2533448385954525,-1.5975462831145688
-3.5945003516239495,-0.1917703341424546,-1.3821722686053792
-3.6135987280771684,-0.13463886284935567,-1.1691727554620652
-3.622641518475398,-0.03740502784392935,-0.8886320534150631
-3.618495609043584,0.01524784432187809,-0.7215282570823882
-3.609163232339668,0.06222289325678171,-0.5657083729877794
-3.6063564786972075,0.11860114179965536,-0.34564290589105284
-3.591049977890235,0.17940374867384862,-0.0035320953741682093
-3.5846418122341257,0.1821450781509995,0.1909789918799074
-3.5677315253320554,0.17192170337419438,0.3812360614013339
-3.5741244216476495,0.196495075275319,0.6425517957577394
-3.576825836056823,0.2018908475032422,0.8600323821625877
-3.584573118924815,0.20359347354655194,0.9917639269943613
-3.5838981822186757,0.22255603990066924,1.2325629811111822
-3.5821872665520558,0.22416643212181936,1.4988436282119215
-3.545461443293614,0.2307746091353879,1.7232129575506745
-3.5359255597570467,0.1930422318371547,1.8372761534279478
-3.568550796804282,0.18344475038289082,1.8282974912127228
-3.597540956068023,0.1681791037376525,1.8143529348570944
-3.610222826422247,0.15993147421163317,1.8180458519651108
-3.596513507693968,0.16577513701185137,1.8156098755416579
-3.5909699944956777,0.16948853629326927,1.8295574361932616
-3.6016281279156646,0.1694719875516128,1.8267224207739172
-3.6057524626599617,0.168350654493787,1.831929558206147
-3.6037023631977236,0.17040184429930177,1.8353380368392127
-3.6130297727353553,0.1675324370834334,1.8351035002954956
-3.6123155219804812,0.1664376372844208,1.8381611384259982
-3.6143904376673905,0.16658015949073451,1.8412857224603336
-3.6164814031643258,0.165027562886011,1.8436896914897318
-3.6166056726528946,0.1655720102487545,1.8483635400816147
-3.6148532702284233,0.1617562765627854,1.8504882124040376
-3.6136413228973536,0.15295681584883208,1.8545323003937795
-3.6204260687458683,0.15096557420532902,1.8592161358092858
-3.6007448855981483,0.16758550081307338,1.8693406228199887
-3.5989348221042565,0.1665900629553682,1.8836204413061806
-3.6003043045234606,0.1730492761624131,1.878506149511798
-3.601477922601755,0.1753210843066912,1.8826533586470409
-3.6023114502094433,0.16953573037531283,1.8811682952422872
-3.6046285116183703,0.16865773123893496,1.8866430963514844
-3.604666757179711,0.16855663230659884,1.8843930631630668
-3.6080018675892567,0.16123442968531282,1.8838380443530622
-3.6158554975921047,0.16771458286925817,1.8868701373174492
-3.6238852466690226,0.14200824904034254,1.9147889674435852
-3.6238852466690226,0.14200824904034254,1.9147889674435852
-3.6238852466690226,0.14200824904034254,1.9147889674435852
-3.6238852466690226,0.14200824904034254,1.9147889674435852
-3.6238852466690226,0.14200824904034254,1.9147889674435852
-3.6238852466690226,0.14200824904034254,1.9147889674435852
-3.6238852466690226,0.14200824904034254,1.9147889674435852
-3.6238852466690226,0.14200824904034254,1.9147889674435852
-3.6238852466690226,0.14200824904034254,1.9147889674435852
-3.626409383173608,0.1341534733076643,1.922827311656808
-3.6275661616970387,0.12719224077325747,1.926501317292122
-3.6286644090201885,0.12577497304024815,1.9275750590197744
-3.6291197826483295,0.11510835485089982,1.9888904879611815
-3.6332150483656624,0.10832298078285912,2.089909607498501
-3.637188454524477,0.10626707936790453,2.1144899502060124
-3.6377458145100685,0.09895417490322872,2.1443118673939363
-3.6383776127704595,0.0868991640484183,2.2303476277482184
-3.644075291468749,0.06334497295797631,2.3455015813215208
-3.6435876130588305,0.04802703449287743,2.4484517797969447
-3.6487295959101718,0.024156174837600075,2.5581797157559762
-3.6473735594080807,-0.0031952542965386077,2.6799052344258976
-3.6452884817189544,-0.02997385565569849,2.80809262092173
-3.6401788043334564,-0.06719289894651886,2.970920307855734
-3.638877277922158,-0.08491720676164333,3.049348526591839
-3.629860306930735,-0.11883322909825517,3.2140186868171545
-3.6224439277554072,-0.13636936346674317,3.3014921503290457
-3.6092443934167884,-0.1848411255648149,3.5350214297794293
-3.5897509705370467,-0.21397364497799543,3.714366166220393
-3.564793307134951,-0.24345501550519372,3.89221888069238
-3.552726659001362,-0.27355911048995263,4.062324398401848
-3.546421515029798,-0.28807700385628954,4.1658218079131775
-3.5283441872581855,-0.2826845408855492,4.275550596378987
-3.481346103389047,-0.2831315483184067,4.428349084264707
-3.4235964785986965,-0.27937294218358255,4.561524552604139
-3.3666026253945645,-0.2700624376701345,4.685451323155742
-3.3116843870853137,-0.2669534712671199,4.819877231637424
-3.2139797259423575,-0.26094773505856533,4.960089758740925
-3.0931087084194027,-0.25573886717781347,5.099207474788397
-2.957976177874988,-0.24644684586981913,5.19738832049698
-2.776077163670074,-0.24587902891157268,5.263367299372275
-2.581841700947508,-0.23930694311314252,5.2679235961005935
-2.308310322308468,-0.2366300305339113,5.305809716442951
-2.0993536635538272,-0.2348206933433615,5.333310809280705
-1.8879569891630794,-0.23217179112369352,5.363427040986795
-1.6922218486900626,-0.22804685077119563,5.373694771332501
-1.4118789956990565,-0.21941511727078927,5.368474250503009
-1.2280025131848684,-0.22623521450923015,5.3745501686801544
-1.0338925936597407,-0.2229120589489696,5.345585546287075
-0.8271134695263692,-0.22077792637797866,5.285400160963475
-0.5533901947493486,-0.2241417673696268,5.161930434581162
-0.3815223260027112,-0.22534060845064036,4.971114831595461
-0.30996452582430745,-0.22958019253069117,4.739743660976965
-0.3582021029759952,-0.24478252350547564,4.295466590212737
-0.37890715112362394,-0.2574305253490235,3.845644546460824
-0.3584558950725557,-0.2725203912805675,3.468899422783635
-0.3584558950725557,-0.2725203912805675,3.468899422783635
-0.3275559600566116,-0.27708413177997443,3.2708746414306624
-0.29697906996700074,-0.28625679650437674,3.093007303694419
-0.2489100102712514,-0.3114215193960321,2.8453235736375415
-0.24150422197920815,-0.32463895770833073,2.6579951861776663
-0.22332408319537048,-0.35384917237174546,2.4421671812147516
-0.20664618912951402,-0.3588758943546021,2.303190268892494
-0.18465738895060943,-0.36364804375678855,2.087904554913381
-0.16931881287905018,-0.36459589792878205,1.953597710327896
-0.16005293012228936,-0.3669304229121619,1.8700335809360926
-0.1364871521708997,-0.3641434931135824,1.7116053186580884
-0.13004698918043925,-0.35976241581881724,1.5734883822533412
-0.12508487839834356,-0.3655061274528848,1.4605391853605327
-0.11942223100862906,-0.36731251672164483,1.399441434690213
-0.11824248273659668,-0.3694645910468305,1.3120490092733512
-0.11785688919004175,-0.3709757511860767,1.2897345816063452
-0.11765974764835149,-0.36660675039218077,1.2952376917344484
-0.11901903412445283,-0.3656736583825474,1.2952447278876758
-0.11972638600949684,-0.36480333365276263,1.2960362375036096
-0.12017364559876989,-0.36487260300053964,1.296446670010337
-0.12055493243751722,-0.3643944213251544,1.2962434469297799
-0.12286240008725682,-0.3632312658595358,1.2953893165882027
-0.12286240008725682,-0.3632312658595358,1.2953893165882027
-0.12286240008725682,-0.3632312658595358,1.2953893165882027
-0.12271439395622655,-0.36305116480295857,1.2958964250917342
-0.12290350946573594,-0.3630192109431514,1.2958729439381051
-0.12348770809346785,-0.3622752535391634,1.2954817972640866
-0.1243504641574589,-0.36180843549132846,1.2952273593112489
-0.12417644739882086,-0.3621999658594455,1.2953148498579543
-0.12432423675668139,-0.36199431846945007,1.2955684302684094
-0.1251969124531229,-0.361219301147856,1.294658692039454
-0.12495666918181916,-0.3613227594212114,1.2952926493059183
-0.12480596357183973,-0.36109239269814675,1.2949611567339345
-0.12483363875375211,-0.36110192338014246,1.2949794328071
-0.12480540476229621,-0.36054375982299114,1.2952991331636334
