3.997469425201416,0.14374780654907227,5.590254783630371,-179.33627093724928,128.17510669201303,-86.41668156637338
3.997469425201416,0.14374780654907227,5.590254783630371,-179.33627093724928,128.17510669201303,-86.41668156637338
3.997447967529297,0.14378762245178223,5.590237140655518,-179.33856847642977,128.16846353480068,-86.40544385967843
3.9974210262298584,0.14384818077087402,5.5902910232543945,-179.33693041142402,128.17504857118982,-86.41280213168787
3.9974210262298584,0.14384818077087402,5.5902910232543945,-179.33693041142402,128.17504857118982,-86.41280213168787
3.9975690841674805,0.14369964599609375,5.590301513671875,-179.34011704251662,128.177328872667,-86.41013622517173
3.9975039958953857,0.14367914199829102,5.590348720550537,-179.35235707791622,128.18870581457318,-86.40089740469921
3.9975039958953857,0.14367914199829102,5.590348720550537,-179.35235707791622,128.18870581457318,-86.40089740469921
3.99726939201355,0.14365291595458984,5.590296745300293,-179.34246673464463,128.18230648479198,-86.40343216769156
3.997532367706299,0.14385414123535156,5.590153217315674,-179.35739814188406,128.17665480574962,-86.38972108625295
3.997532367706299,0.14385414123535156,5.590153217315674,-179.35739814188406,128.17665480574962,-86.38972108625295
3.9975013732910156,0.14372682571411133,5.590245246887207,-179.3551025305848,128.17434093833927,-86.39118485069743
3.997419834136963,0.14375019073486328,5.590254783630371,-179.36164120044225,128.17825031902888,-86.3794040321621
3.997419834136963,0.14375019073486328,5.590254783630371,-179.36164120044225,128.17825031902888,-86.3794040321621
3.997434139251709,0.14358139038085938,5.590322494506836,-179.35550866678665,128.1712227864198,-86.38438336379376
3.997434139251709,0.14358139038085938,5.590322494506836,-179.35550866678665,128.1712227864198,-86.38438336379376
3.997372627258301,0.14365100860595703,5.590298652648926,-179.34703110272068,128.17794573997273,-86.39078770557771
3.997385025024414,0.14369750022888184,5.590237617492676,-179.34106680783987,128.17150975759776,-86.41055188268214
3.997385025024414,0.14369750022888184,5.590237617492676,-179.34106680783987,128.17150975759776,-86.41055188268214
3.997497081756592,0.1436772346496582,5.590187072753906,-179.33290664145235,128.16668233869444,-86.41817702789847
3.9974026679992676,0.1437397003173828,5.590187072753906,-179.33212365622114,128.15917927205942,-86.42587942672624
3.9974026679992676,0.1437397003173828,5.590187072753906,-179.33212365622114,128.15917927205942,-86.42587942672624
3.997483015060425,0.14388751983642578,5.590276718139648,-179.35442896556106,128.16176379052493,-86.41221798914931
3.9974775314331055,0.14365649223327637,5.590218544006348,-179.34301846873566,128.15498886610823,-86.42347563591449
3.9974775314331055,0.14365649223327637,5.590218544006348,-179.34301846873566,128.15498886610823,-86.42347563591449
3.9974658489227295,0.14380788803100586,5.590253829956055,-179.33688176338543,128.1703719109142,-86.42715629843904
3.997404098510742,0.14381122589111328,5.590290069580078,-179.33187418644152,128.15692888924588,-86.42925919306391
3.997404098510742,0.14381122589111328,5.590290069580078,-179.33187418644152,128.15692888924588,-86.42925919306391
3.9974160194396973,0.14376592636108398,5.59016227722168,-179.33338461292644,128.15465779038692,-86.41992616149182
3.997365951538086,0.14366412162780762,5.590343475341797,-179.34825467832198,128.16225695030508,-86.40700201992028
3.997365951538086,0.14366412162780762,5.590343475341797,-179.34825467832198,128.16225695030508,-86.40700201992028
3.9973654747009277,0.14368128776550293,5.5903639793396,-179.3513059470745,128.17144932480798,-86.4078726347261
3.9975476264953613,0.14373064041137695,5.590329170227051,-179.35728187181812,128.1732865260594,-86.40253228697728
3.9975476264953613,0.14373064041137695,5.590329170227051,-179.35728187181812,128.1732865260594,-86.40253228697728
3.9974493980407715,0.14386868476867676,5.590191841125488,-179.34695217455157,128.1687011874956,-86.40068289976702
3.9974851608276367,0.14385533332824707,5.590250015258789,-179.3388266918802,128.1658099564592,-86.40976563253487
3.9974851608276367,0.14385533332824707,5.590250015258789,-179.3388266918802,128.1658099564592,-86.40976563253487
3.997406005859375,0.14367151260375977,5.590231418609619,-179.3460661875997,128.17283327923093,-86.3928626931328
3.997345209121704,0.14366984367370605,5.590320110321045,-179.34065380881262,128.16991864747845,-86.3996984038102
3.997345209121704,0.14366984367370605,5.590320110321045,-179.34065380881262,128.16991864747845,-86.3996984038102
3.9975509643554688,0.14375877380371094,5.5902791023254395,-179.35913316937686,128.17321938841368,-86.38844769895448
3.997570037841797,0.14376211166381836,5.590322017669678,-179.34494763451622,128.16931288952387,-86.40413088859587
3.997570037841797,0.14376211166381836,5.590322017669678,-179.34494763451622,128.16931288952387,-86.40413088859587
3.997384786605835,0.14370989799499512,5.590353012084961,-179.3373019182321,128.17569613946856,-86.40622190528153
3.9973556995391846,0.14366602897644043,5.590342044830322,-179.3475010540543,128.19141733221747,-86.40655561341062
3.9973556995391846,0.14366602897644043,5.590342044830322,-179.3475010540543,128.19141733221747,-86.40655561341062
3.9975485801696777,0.1436772346496582,5.590397834777832,-179.34646613397177,128.19144131087836,-86.40478129891261
3.9974558353424072,0.1436474323272705,5.590270042419434,-179.36506741603077,128.1913507283557,-86.39047252004384
3.9974558353424072,0.1436474323272705,5.590270042419434,-179.36506741603077,128.1913507283557,-86.39047252004384
3.9974358081817627,0.14383625984191895,5.590205192565918,-179.35634732380956,128.1806940570934,-86.39571968901997
3.9974639415740967,0.14374613761901855,5.5904412269592285,-179.3668272945674,128.1849966491781,-86.39462001377196
3.997527837753296,0.14380741119384766,5.590282440185547,-179.3883911901706,128.1949907455092,-86.37558290428758
3.997527837753296,0.14380741119384766,5.590282440185547,-179.3883911901706,128.1949907455092,-86.37558290428758
3.9974894523620605,0.14371728897094727,5.590280532836914,-179.39061228685836,128.19174043290707,-86.36299069359596
3.9974894523620605,0.14371728897094727,5.590280532836914,-179.39061228685836,128.19174043290707,-86.36299069359596
3.997453451156616,0.14371466636657715,5.590375900268555,-179.38770677591648,128.2003970532,-86.36323108461079
3.997556209564209,0.1437239646911621,5.590217113494873,-179.38785243220948,128.20154967088655,-86.36309243620114
3.997556209564209,0.1437239646911621,5.590217113494873,-179.38785243220948,128.20154967088655,-86.36309243620114
3.997403383255005,0.1436634063720703,5.590235710144043,-179.38304383240478,128.1908153256461,-86.36443861075627
3.997370719909668,0.14370059967041016,5.5903544425964355,-179.3822628927666,128.192285784955,-86.36118824314732
3.997370719909668,0.14370059967041016,5.5903544425964355,-179.3822628927666,128.192285784955,-86.36118824314732
3.997422218322754,0.1436901092529297,5.590127468109131,-179.38078834312176,128.18198569776573,-86.36126046998614
3.997426986694336,0.14366793632507324,5.590315818786621,-179.37215970090654,128.18326550472582,-86.36999601099572
3.997426986694336,0.14366793632507324,5.590315818786621,-179.37215970090654,128.18326550472582,-86.36999601099572
3.997410774230957,0.14367246627807617,5.590291976928711,-179.36835813168125,128.17719072146323,-86.38282522350782
3.997490644454956,0.1437523365020752,5.590213298797607,-179.37433206611743,128.18598045454203,-86.37560679503734
3.997490644454956,0.1437523365020752,5.590213298797607,-179.37433206611743,128.18598045454203,-86.37560679503734
3.9975693225860596,0.14376306533813477,5.590298652648926,-179.37400817449813,128.19329091817835,-86.37996100539895
3.997415065765381,0.14368510246276855,5.59025764465332,-179.37276187052524,128.1993169891031,-86.38336160789466
3.997415065765381,0.14368510246276855,5.59025764465332,-179.37276187052524,128.1993169891031,-86.38336160789466
3.997488498687744,0.14366936683654785,5.59032678604126,-179.37679165547834,128.1976337971441,-86.38089323977213
3.9974312782287598,0.1436781883239746,5.590250492095947,-179.37003174663397,128.19042923432778,-86.3820251329946
3.9974312782287598,0.1436781883239746,5.590250492095947,-179.37003174663397,128.19042923432778,-86.3820251329946
3.997401714324951,0.14362597465515137,5.590263366699219,-179.3725670304267,128.19623835235635,-86.38427038044503
3.9975931644439697,0.1438283920288086,5.590259552001953,-179.38897888580053,128.19638715661563,-86.37312057661737
3.9975931644439697,0.1438283920288086,5.590259552001953,-179.38897888580053,128.19638715661563,-86.37312057661737
3.9975228309631348,0.14376497268676758,5.5901079177856445,-179.36608457655115,128.19807078588155,-86.37518051897109
3.997450828552246,0.14374685287475586,5.590259552001953,-179.3694038052105,128.1864987485566,-86.36960396235452
3.997450828552246,0.14374685287475586,5.590259552001953,-179.3694038052105,128.1864987485566,-86.36960396235452
3.9974966049194336,0.14370512962341309,5.590273857116699,-179.37359777876182,128.18537451171284,-86.37656476671644
3.997525453567505,0.14373207092285156,5.590202808380127,-179.35936979901442,128.17900492637742,-86.38592198571195
3.997525453567505,0.14373207092285156,5.590202808380127,-179.35936979901442,128.17900492637742,-86.38592198571195
3.9973902702331543,0.14377331733703613,5.590132713317871,-179.35682306325958,128.17823037916256,-86.38863945207747
3.9975056648254395,0.14371442794799805,5.5902299880981445,-179.3535090407416,128.17085469419862,-86.40113689504373
3.9975056648254395,0.14371442794799805,5.5902299880981445,-179.3535090407416,128.17085469419862,-86.40113689504373
3.9975051879882812,0.14378762245178223,5.590167999267578,-179.3400845294816,128.17035176692414,-86.40357984555402
3.9972891807556152,0.14371657371520996,5.590292453765869,-179.33067283454062,128.1736172508517,-86.40503477816603
3.9972891807556152,0.14371657371520996,5.590292453765869,-179.33067283454062,128.1736172508517,-86.40503477816603
3.997440814971924,0.14362168312072754,5.590301513671875,-179.34710936617643,128.17596850459609,-86.40078862119653
3.997420310974121,0.14376592636108398,5.590085983276367,-179.36279706225457,128.17200979697455,-86.38513954560163
3.997420310974121,0.14376592636108398,5.590085983276367,-179.36279706225457,128.17200979697455,-86.38513954560163
3.9974746704101562,0.14386916160583496,5.590239524841309,-179.36012476356098,128.17342156113295,-86.38566638821675
3.9975333213806152,0.14362454414367676,5.590242385864258,-179.35290448423018,128.17237905323887,-86.39297816966085
3.9975333213806152,0.14362454414367676,5.590242385864258,-179.35290448423018,128.17237905323887,-86.39297816966085
3.9975333213806152,0.14362454414367676,5.590242385864258,-179.35290448423018,128.17237905323887,-86.39297816966085
3.9974114894866943,0.14367079734802246,5.590270042419434,-179.35043686395116,128.16728999743583,-86.38964856655632
3.997377872467041,0.14387893676757812,5.590267181396484,-179.35439174242572,128.16527823368693,-86.39118728102616
3.997377872467041,0.14387893676757812,5.590267181396484,-179.35439174242572,128.16527823368693,-86.39118728102616
3.9975969791412354,0.14367938041687012,5.590292453765869,-179.35987614269925,128.17356503909505,-86.38570545505048
3.9975969791412354,0.14367938041687012,5.590292453765869,-179.35987614269925,128.17356503909505,-86.38570545505048
3.9975333213806152,0.14363384246826172,5.5902485847473145,-179.34647498271576,128.17995711825998,-86.39884873204716
3.99758243560791,0.14368844032287598,5.5903472900390625,-179.3534783091886,128.17420647741366,-86.39804903105387
3.99758243560791,0.14368844032287598,5.5903472900390625,-179.3534783091886,128.17420647741366,-86.39804903105387
3.997375726699829,0.14378142356872559,5.59010124206543,-179.34672751449264,128.18212847271332,-86.39349208339402
3.997349977493286,0.1438004970550537,5.590212821960449,-179.35009610713468,128.17998013239563,-86.39669556971327
3.997349977493286,0.1438004970550537,5.590212821960449,-179.35009610713468,128.17998013239563,-86.39669556971327
3.9975666999816895,0.14366555213928223,5.590180397033691,-179.3595956609928,128.16879765980832,-86.39062965410255
3.9975247383117676,0.1438276767730713,5.590232849121094,-179.3506838567879,128.18557424048305,-86.3874260801546
3.9975247383117676,0.1438276767730713,5.590232849121094,-179.3506838567879,128.18557424048305,-86.3874260801546
3.997448682785034,0.14374971389770508,5.590338706970215,-179.3610459862753,128.18501565061308,-86.38177380266113
3.997612476348877,0.14369606971740723,5.590210437774658,-179.3677464686061,128.18740277709614,-86.38020065544103
3.997612476348877,0.14369606971740723,5.590210437774658,-179.3677464686061,128.18740277709614,-86.38020065544103
3.997469425201416,0.14380478858947754,5.59017276763916,-179.35583152748998,128.16608903655384,-86.38771614765756
3.9973297119140625,0.14380431175231934,5.590506553649902,-179.34725834269835,128.16872094400009,-86.40200725479872
3.9973297119140625,0.14380431175231934,5.590506553649902,-179.34725834269835,128.16872094400009,-86.40200725479872
3.997612237930298,0.14363551139831543,5.590221405029297,-179.35426957248504,128.18457487080988,-86.40390902540946
3.99735426902771,0.14371633529663086,5.590247631072998,-179.36271121973124,128.18230299147822,-86.39210443847422
3.99735426902771,0.14371633529663086,5.590247631072998,-179.36271121973124,128.18230299147822,-86.39210443847422
3.9973840713500977,0.1438138484954834,5.590272903442383,-179.35043669081813,128.18643299777895,-86.40637006002919
3.997622013092041,0.14365482330322266,5.590070724487305,-179.37704569700233,128.18440602899364,-86.36855731817376
3.997622013092041,0.14365482330322266,5.590070724487305,-179.37704569700233,128.18440602899364,-86.36855731817376
3.997623920440674,0.143660306930542,5.590193748474121,-179.371309672696,128.17597844516865,-86.38284961356801
3.997499704360962,0.1438140869140625,5.590240478515625,-179.36984576869511,128.18457004613066,-86.39030727681545
3.997499704360962,0.1438140869140625,5.590240478515625,-179.36984576869511,128.18457004613066,-86.39030727681545
3.997629165649414,0.14360666275024414,5.590095520019531,-179.36039780789855,128.17903753185564,-86.40419296654814
3.997387647628784,0.14365506172180176,5.59024715423584,-179.37907650270608,128.16961017200887,-86.38923414966938
3.997387647628784,0.14365506172180176,5.59024715423584,-179.37907650270608,128.16961017200887,-86.38923414966938
3.997502326965332,0.1436455249786377,5.590254306793213,-179.3438418563831,128.16604857173485,-86.42481941338175
3.997382164001465,0.1435868740081787,5.590161323547363,-179.33693209995732,128.17618258410081,-86.41222030040113
3.997382164001465,0.1435868740081787,5.590161323547363,-179.33693209995732,128.17618258410081,-86.41222030040113
3.997407913208008,0.14362812042236328,5.590229511260986,-179.31900410606627,128.1782935464595,-86.43630728324776
3.997509002685547,0.14366769790649414,5.590445518493652,-179.32534095989064,128.18407774611433,-86.45379091824512
3.997509002685547,0.14366769790649414,5.590445518493652,-179.32534095989064,128.18407774611433,-86.45379091824512
3.997427225112915,0.14354801177978516,5.590415000915527,-179.33266296882772,128.1747497276864,-86.45202013837314
3.9973912239074707,0.1436750888824463,5.590188026428223,-179.37935177224827,128.1769969716338,-86.40138011412782
3.9973912239074707,0.1436750888824463,5.590188026428223,-179.37935177224827,128.1769969716338,-86.40138011412782
3.997450828552246,0.14360928535461426,5.590269088745117,-179.34424154019038,128.17598653915374,-86.42270095773675
3.997447967529297,0.14370059967041016,5.590232849121094,-179.34110567819442,128.17415585501897,-86.41722046490365
3.997447967529297,0.14370059967041016,5.590232849121094,-179.34110567819442,128.17415585501897,-86.41722046490365
3.9973132610321045,0.1436014175415039,5.590266227722168,-179.3494230078502,128.17022515961685,-86.41064387342082
3.9975533485412598,0.14364981651306152,5.590301990509033,-179.35212368072288,128.1855241724639,-86.41128850898596
3.9975533485412598,0.14364981651306152,5.590301990509033,-179.35212368072288,128.1855241724639,-86.41128850898596
3.9974021911621094,0.14344406127929688,5.590188026428223,-179.36332404064888,128.17765511393958,-86.40327459420168
3.9973511695861816,0.14368224143981934,5.590338706970215,-179.34459295120718,128.1690382092885,-86.41960195277731
3.9973511695861816,0.14368224143981934,5.590338706970215,-179.34459295120718,128.1690382092885,-86.41960195277731
3.9974663257598877,0.14368915557861328,5.590197563171387,-179.33560003777805,128.17426020935378,-86.41303458963338
3.99722957611084,0.14374518394470215,5.590281009674072,-179.30866552467526,128.16595920959716,-86.42722384844824
3.99722957611084,0.14374518394470215,5.590281009674072,-179.30866552467526,128.16595920959716,-86.42722384844824
3.997389316558838,0.14337897300720215,5.590251922607422,-179.2796915930657,128.17003629237058,-86.46788966795584
3.997453451156616,0.1437382698059082,5.590143203735352,-179.3249410185176,128.17410562118414,-86.42881830196625
3.997453451156616,0.1437382698059082,5.590143203735352,-179.3249410185176,128.17410562118414,-86.42881830196625
3.997437000274658,0.1436305046081543,5.590267181396484,-179.28641547742356,128.1693516923361,-86.45871803942912
3.9972808361053467,0.14380097389221191,5.590194225311279,-179.24492340007282,128.1644412151931,-86.48214544595106
3.9972808361053467,0.14380097389221191,5.590194225311279,-179.24492340007282,128.1644412151931,-86.48214544595106
3.997384786605835,0.14360475540161133,5.590304374694824,-179.27745661608844,128.16227865421547,-86.48048303985085
3.9977521896362305,0.14357805252075195,5.590306282043457,-179.3956468485417,128.19044451715828,-86.46009094380413
3.9977521896362305,0.14357805252075195,5.590306282043457,-179.3956468485417,128.19044451715828,-86.46009094380413
3.9977378845214844,0.1434316635131836,5.590190410614014,-179.44957361293137,128.19055392517663,-86.45051768144887
3.9975228309631348,0.14340949058532715,5.590381622314453,-179.3373860084303,128.19057797229726,-86.55023177779223
3.9975228309631348,0.14340949058532715,5.590381622314453,-179.3373860084303,128.19057797229726,-86.55023177779223
3.9975228309631348,0.14340949058532715,5.590381622314453,-179.3373860084303,128.19057797229726,-86.55023177779223
3.997596025466919,0.1436152458190918,5.590415954589844,-179.33572230727287,128.18348501357784,-86.57390746771668
3.9977059364318848,0.1435246467590332,5.590296745300293,-179.32546445699523,128.18455459985304,-86.59080269427734
3.9977059364318848,0.1435246467590332,5.590296745300293,-179.32546445699523,128.18455459985304,-86.59080269427734
3.9974169731140137,0.14331316947937012,5.590372085571289,-179.2502022209157,128.1955750499512,-86.62112116918378
3.9970052242279053,0.1435554027557373,5.589831352233887,-179.41066561002722,128.23843271663847,-86.47565570086523
3.9970052242279053,0.1435554027557373,5.589831352233887,-179.41066561002722,128.23843271663847,-86.47565570086523
3.9945871829986572,0.1434633731842041,5.588438034057617,-179.23156278367037,128.43788661581263,-86.62094192458773
3.994100570678711,0.14353513717651367,5.588132858276367,-179.21812806112862,128.47569591742212,-86.67117095755613
3.994100570678711,0.14353513717651367,5.588132858276367,-179.21812806112862,128.47569591742212,-86.67117095755613
3.99226975440979,0.14365386962890625,5.586808204650879,-179.35802309286586,128.6236415579422,-86.56044286300352
3.985922336578369,0.14354658126831055,5.581352710723877,-179.5857628652128,128.90895028783004,-86.45534534366112
3.985922336578369,0.14354658126831055,5.581352710723877,-179.5857628652128,128.90895028783004,-86.45534534366112
3.975611925125122,0.14331841468811035,5.571957111358643,-179.85015403507444,129.51338745465023,-86.1042042538352
3.973189353942871,0.14331293106079102,5.5699005126953125,179.98112007325096,129.4717716411964,-86.08135703723268
3.973189353942871,0.14331293106079102,5.5699005126953125,179.98112007325096,129.4717716411964,-86.08135703723268
3.9725444316864014,0.14330744743347168,5.569220542907715,-179.92293735701622,129.49031943546433,-86.20448756371152
3.966935873031616,0.1432492733001709,5.564690589904785,-179.75434094913243,129.81844751578925,-86.44659646473659
3.966935873031616,0.1432492733001709,5.564690589904785,-179.75434094913243,129.81844751578925,-86.44659646473659
3.9582228660583496,0.14308977127075195,5.558536052703857,-179.1070307811346,130.4968303297126,-86.93754559554867
3.9535813331604004,0.14293265342712402,5.555683135986328,-178.95845338716617,130.629674435821,-87.11926289136602
3.9535813331604004,0.14293265342712402,5.555683135986328,-178.95845338716617,130.629674435821,-87.11926289136602
3.9527807235717773,0.14315557479858398,5.554744720458984,-179.10802109639243,130.64733232307424,-87.06290669092094
3.9504213333129883,0.14288878440856934,5.553031921386719,-179.07617422730775,130.6478707428663,-87.12574363691463
3.9504213333129883,0.14288878440856934,5.553031921386719,-179.07617422730775,130.6478707428663,-87.12574363691463
3.9451444149017334,0.1428356170654297,5.548665523529053,-178.9847570521976,130.53382055535863,-87.22067099359172
3.939561605453491,0.14285945892333984,5.543939590454102,-178.95365196883122,130.40990389679214,-87.21475066057319
3.939561605453491,0.14285945892333984,5.543939590454102,-178.95365196883122,130.40990389679214,-87.21475066057319
3.9385485649108887,0.1427443027496338,5.543154716491699,-178.97210070217704,130.39300645729696,-87.27467675649314
3.938148021697998,0.14274001121520996,5.542826175689697,-178.98688672180904,130.39409597099595,-87.27390530013322
3.938148021697998,0.14274001121520996,5.542826175689697,-178.98688672180904,130.39409597099595,-87.27390530013322
3.933983325958252,0.1426374912261963,5.539698600769043,-178.9038749703033,130.2965995087471,-87.37268492379889
3.9287071228027344,0.14271044731140137,5.535526752471924,-178.8661137793453,130.30536280852843,-87.36444038145363
3.9287071228027344,0.14271044731140137,5.535526752471924,-178.8661137793453,130.30536280852843,-87.36444038145363
3.9266068935394287,0.14267492294311523,5.5339460372924805,-178.93994076350458,130.30142057221877,-87.28844121564664
3.9257314205169678,0.14264416694641113,5.533091068267822,-179.00034955037503,130.3308082786911,-87.27102297900896
3.9257314205169678,0.14264416694641113,5.533091068267822,-179.00034955037503,130.3308082786911,-87.27102297900896
3.9230642318725586,0.1427748203277588,5.531257629394531,-178.9894300821728,130.45976664552384,-87.28635956088989
3.9230642318725586,0.1427748203277588,5.531257629394531,-178.9894300821728,130.45976664552384,-87.28635956088989
3.918710947036743,0.1426398754119873,5.52773380279541,-179.00875410676068,130.55050919943426,-87.26010966081206
3.9131696224212646,0.1425461769104004,5.523617744445801,-178.9318653202354,130.59707192781795,-87.34326239769452
3.9131696224212646,0.1425461769104004,5.523617744445801,-178.9318653202354,130.59707192781795,-87.34326239769452
3.9089245796203613,0.14240598678588867,5.520659446716309,-178.95286144232819,130.66174280771057,-87.36352301228547
3.9061179161071777,0.14253711700439453,5.51832389831543,-179.0978033717905,130.73708311488642,-87.21100592721915
3.9061179161071777,0.14253711700439453,5.51832389831543,-179.0978033717905,130.73708311488642,-87.21100592721915
3.902918815612793,0.1424257755279541,5.515595436096191,-179.1008748315133,130.75996437753346,-87.19350371725633
3.897622585296631,0.14240145683288574,5.51108455657959,-179.09066548812865,130.8675686420211,-87.20106759190834
3.897622585296631,0.14240145683288574,5.51108455657959,-179.09066548812865,130.8675686420211,-87.20106759190834
3.8916878700256348,0.1424715518951416,5.506569862365723,-179.14493691411,130.93468660413745,-87.13022447460222
3.8863229751586914,0.1423797607421875,5.502180099487305,-179.09975121070664,130.99050684522143,-87.15474747357982
3.8863229751586914,0.1423797607421875,5.502180099487305,-179.09975121070664,130.99050684522143,-87.15474747357982
3.8802754878997803,0.14250898361206055,5.496845245361328,-179.04064564861494,131.18329127450485,-87.16502528922135
3.8744211196899414,0.14228558540344238,5.492396354675293,-178.9853659732893,131.38573595010288,-87.23241231071493
3.8744211196899414,0.14228558540344238,5.492396354675293,-178.9853659732893,131.38573595010288,-87.23241231071493
3.868901252746582,0.14237260818481445,5.487842559814453,-178.94154564257607,131.54334115781793,-87.19939286132987
3.865124225616455,0.14210724830627441,5.4848222732543945,-178.8769812140231,131.68499364108035,-87.28985529438383
3.865124225616455,0.14210724830627441,5.4848222732543945,-178.8769812140231,131.68499364108035,-87.28985529438383
3.8621938228607178,0.1422746181488037,5.482254981994629,-178.92573249742858,131.84788638303067,-87.3266645721533
3.858227252960205,0.142287015914917,5.479207992553711,-178.9349373304694,131.98645116482686,-87.24718494637483
3.858227252960205,0.142287015914917,5.479207992553711,-178.9349373304694,131.98645116482686,-87.24718494637483
3.853928327560425,0.14246892929077148,5.475497245788574,-178.98736524164732,132.2029126605682,-87.23081994925452
3.8494315147399902,0.14232969284057617,5.4717302322387695,-178.9541539505419,132.4546833902778,-87.24389880001873
3.8494315147399902,0.14232969284057617,5.4717302322387695,-178.9541539505419,132.4546833902778,-87.24389880001873
3.845170021057129,0.14201855659484863,5.468417167663574,-178.97405985689733,132.67148329064023,-87.22186072722947
3.8423655033111572,0.1420903205871582,5.465875625610352,-179.0597785732401,132.80055162438956,-87.16508006859968
3.8423655033111572,0.1420903205871582,5.465875625610352,-179.0597785732401,132.80055162438956,-87.16508006859968
3.8423655033111572,0.1420903205871582,5.465875625610352,-179.0597785732401,132.80055162438956,-87.16508006859968
3.838728904724121,0.14238524436950684,5.462336540222168,-179.1206701211659,132.90522695698834,-87.07168918332891
3.833545684814453,0.1422128677368164,5.458268165588379,-179.12042891745674,133.14803087753523,-87.1110100580244
3.833545684814453,0.1422128677368164,5.458268165588379,-179.12042891745674,133.14803087753523,-87.1110100580244
3.8285791873931885,0.14219403266906738,5.453556060791016,-179.1982723680922,133.4201604801812,-87.07865246517349
3.822843074798584,0.14223599433898926,5.447800636291504,-179.18659367884334,133.77494100697749,-87.08440202604226
3.822843074798584,0.14223599433898926,5.447800636291504,-179.18659367884334,133.77494100697749,-87.08440202604226
3.8161730766296387,0.14209842681884766,5.441418170928955,-179.11721894305245,134.2130963969992,-87.07996147247381
3.8095970153808594,0.1422584056854248,5.435619354248047,-179.08207872048231,134.70811823032528,-87.08707531184278
3.8095970153808594,0.1422584056854248,5.435619354248047,-179.08207872048231,134.70811823032528,-87.08707531184278
3.8044676780700684,0.14222383499145508,5.4305853843688965,-179.1431220163544,135.06847171047139,-87.08709540407088
3.7993788719177246,0.142136812210083,5.425518035888672,-179.25883366919672,135.28503878253426,-86.96933159669447
3.7993788719177246,0.142136812210083,5.425518035888672,-179.25883366919672,135.28503878253426,-86.96933159669447
3.793596029281616,0.14230990409851074,5.420345783233643,-179.16970765874353,135.4268780254372,-87.09108538113591
3.7869372367858887,0.14204764366149902,5.414628982543945,-179.0994960218778,135.62754742472086,-87.14099760526649
3.7869372367858887,0.14204764366149902,5.414628982543945,-179.0994960218778,135.62754742472086,-87.14099760526649
3.78023362159729,0.14225316047668457,5.408267021179199,-179.05997259608898,135.78771929215446,-87.15543810653398
3.7738757133483887,0.1419973373413086,5.401966094970703,-179.10371201592795,135.79155934051923,-87.13840138785176
3.7738757133483887,0.1419973373413086,5.401966094970703,-179.10371201592795,135.79155934051923,-87.13840138785176
3.767923355102539,0.14194273948669434,5.39534330368042,-179.1895444995263,135.85566935389645,-87.02650350628075
3.7620086669921875,0.14186859130859375,5.389338493347168,-179.2580682261335,135.86093225277736,-87.0259178594694
3.7620086669921875,0.14186859130859375,5.389338493347168,-179.2580682261335,135.86093225277736,-87.0259178594694
3.7559070587158203,0.1419048309326172,5.383374214172363,-179.23728871343204,135.88926501873942,-87.05525699085638
3.7504429817199707,0.14180660247802734,5.378416061401367,-179.14392265534306,135.89679433836463,-87.16911724229354
3.7504429817199707,0.14180660247802734,5.378416061401367,-179.14392265534306,135.89679433836463,-87.16911724229354
3.7461700439453125,0.1418924331665039,5.374427795410156,-179.18914619602464,135.93741876052033,-87.22333395168725
3.7419004440307617,0.1416318416595459,5.370654106140137,-179.1913650052881,136.06215598698375,-87.20008215861236
3.7419004440307617,0.1416318416595459,5.370654106140137,-179.1913650052881,136.06215598698375,-87.20008215861236
3.73571515083313,0.14188289642333984,5.364246368408203,-179.20688672011636,136.07027439216515,-87.20448833197953
3.7284069061279297,0.14165902137756348,5.35588264465332,-179.2531520865453,136.08779671130935,-87.14128578910754
3.7284069061279297,0.14165902137756348,5.35588264465332,-179.2531520865453,136.08779671130935,-87.14128578910754
3.7214620113372803,0.14163446426391602,5.348690032958984,-179.1971281368591,135.9704204879538,-87.18723938816163
3.714876174926758,0.1416616439819336,5.342563629150391,-179.1785248858285,135.94691209421293,-87.18655069414321
3.714876174926758,0.1416616439819336,5.342563629150391,-179.1785248858285,135.94691209421293,-87.18655069414321
3.7116622924804688,0.14166498184204102,5.339651584625244,-179.16968490603833,136.00690983021917,-87.28759008140096
3.7114763259887695,0.14160799980163574,5.339267730712891,-179.2740386025687,136.0261688044293,-87.33056966825636
3.7114763259887695,0.14160799980163574,5.339267730712891,-179.2740386025687,136.0261688044293,-87.33056966825636
3.711345911026001,0.14162397384643555,5.339433193206787,-179.1922731694895,135.99727696988032,-87.33639335047641
3.711276054382324,0.14152121543884277,5.339535713195801,-179.11301981102181,135.99033855553722,-87.34533515679381
3.711276054382324,0.14152121543884277,5.339535713195801,-179.11301981102181,135.99033855553722,-87.34533515679381
3.711137294769287,0.1416487693786621,5.339602470397949,-178.9914340708595,135.9815500318945,-87.45597343514255
3.711352825164795,0.1413884162902832,5.339414119720459,-179.2221913096466,135.96934022018033,-87.3215027351345
3.711352825164795,0.1413884162902832,5.339414119720459,-179.2221913096466,135.96934022018033,-87.3215027351345
3.7115049362182617,0.14142489433288574,5.339481353759766,-179.25883079738895,135.98645552615721,-87.3700597825653
3.711578845977783,0.14136576652526855,5.339652061462402,-179.21565068227787,136.00585816321785,-87.53368381468489
3.711578845977783,0.14136576652526855,5.339652061462402,-179.21565068227787,136.00585816321785,-87.53368381468489
3.7114710807800293,0.141310453414917,5.339705467224121,-179.1596444356833,135.9928925326486,-87.58087667304066
3.7114710807800293,0.141310453414917,5.339705467224121,-179.1596444356833,135.9928925326486,-87.58087667304066
3.711135149002075,0.14159369468688965,5.339637756347656,-178.94249088651767,135.97207253124247,-87.55748099633229
3.711135149002075,0.14159369468688965,5.339637756347656,-178.94249088651767,135.97207253124247,-87.55748099633229
3.7109456062316895,0.1416332721710205,5.3389668464660645,-179.01488871916888,135.96515566425234,-87.70769822331485
3.707014560699463,0.1416153907775879,5.333197593688965,-178.81853721986397,135.88121341191373,-87.6659545794027
3.707014560699463,0.1416153907775879,5.333197593688965,-178.81853721986397,135.88121341191373,-87.6659545794027
3.6998605728149414,0.14144611358642578,5.323540687561035,-178.6790013664402,135.16078702755343,-87.62034041462778
3.6998605728149414,0.14144611358642578,5.323540687561035,-178.6790013664402,135.16078702755343,-87.62034041462778
3.6923975944519043,0.14162874221801758,5.313609600067139,-178.71263605484558,134.20879415534722,-87.63358574388829
3.6855924129486084,0.14171385765075684,5.305983543395996,-178.50635131617304,133.7785887311995,-87.82333032307827
3.6855924129486084,0.14171385765075684,5.305983543395996,-178.50635131617304,133.7785887311995,-87.82333032307827
3.6807308197021484,0.1413724422454834,5.300633430480957,-178.61091286008724,133.6023933217554,-87.70189341169022
3.673619270324707,0.14180564880371094,5.292510986328125,-178.6202039964323,133.1875054174966,-87.81704173321569
3.673619270324707,0.14180564880371094,5.292510986328125,-178.6202039964323,133.1875054174966,-87.81704173321569
3.6611595153808594,0.14163708686828613,5.279162406921387,-178.54292920923749,132.7709066535506,-87.68034464913283
3.649427652359009,0.1416776180267334,5.264505386352539,-178.54054749624444,133.1401119300159,-87.6396770097389
3.649427652359009,0.1416776180267334,5.264505386352539,-178.54054749624444,133.1401119300159,-87.6396770097389
3.638512134552002,0.14171195030212402,5.2521772384643555,-178.5127861308962,133.2280100167332,-87.66284256677905
3.638512134552002,0.14171195030212402,5.2521772384643555,-178.5127861308962,133.2280100167332,-87.66284256677905
3.6295225620269775,0.14150094985961914,5.242143630981445,-178.66425321943706,132.9085186877097,-87.59086966371588
3.6295225620269775,0.14150094985961914,5.242143630981445,-178.66425321943706,132.9085186877097,-87.59086966371588
3.6215457916259766,0.14160847663879395,5.233479976654053,-178.6878544295559,132.49760528115004,-87.58418300165208
3.613215208053589,0.1414947509765625,5.224146842956543,-178.75938017165896,132.43188538579287,-87.54273105367098
3.613215208053589,0.1414947509765625,5.224146842956543,-178.75938017165896,132.43188538579287,-87.54273105367098
3.6032190322875977,0.14155912399291992,5.213094711303711,-178.70846633575155,132.53998608608003,-87.53773819289616
3.5923118591308594,0.14171171188354492,5.200967788696289,-178.71662169988525,132.7329480575985,-87.46606243231233
3.5923118591308594,0.14171171188354492,5.200967788696289,-178.71662169988525,132.7329480575985,-87.46606243231233
3.581969738006592,0.14167499542236328,5.190094947814941,-178.69917095389238,132.77323651482362,-87.54119917275769
3.5728983879089355,0.14168214797973633,5.1800432205200195,-178.85467047533683,132.8702478809417,-87.4152251971349
3.5728983879089355,0.14168214797973633,5.1800432205200195,-178.85467047533683,132.8702478809417,-87.4152251971349
3.565157413482666,0.1415565013885498,5.17171573638916,-178.88270590005638,132.81156667910827,-87.36673202879363
3.5578866004943848,0.14145517349243164,5.1643571853637695,-178.8386289149103,132.94844778912977,-87.4836854910593
3.5578866004943848,0.14145517349243164,5.1643571853637695,-178.8386289149103,132.94844778912977,-87.4836854910593
3.549940347671509,0.1417689323425293,5.155861854553223,-178.76285180901752,133.2211616010973,-87.5391534578108
3.5415055751800537,0.14162230491638184,5.1472272872924805,-178.94854669013182,133.32501677441815,-87.401519654164
3.5415055751800537,0.14162230491638184,5.1472272872924805,-178.94854669013182,133.32501677441815,-87.401519654164
3.533207654953003,0.1414949893951416,5.1387128829956055,-179.0498022973726,133.2632505648226,-87.37804632514411
3.525780439376831,0.14139008522033691,5.130694389343262,-179.1170238898498,133.34472201060254,-87.33446985849942
3.525780439376831,0.14139008522033691,5.130694389343262,-179.1170238898498,133.34472201060254,-87.33446985849942
3.5193448066711426,0.1414339542388916,5.124018669128418,-179.11130155606324,133.40805940662514,-87.27868389007499
3.5134830474853516,0.1414051055908203,5.1175737380981445,-179.24898797187439,133.53398904270026,-87.21806681089404
3.5134830474853516,0.1414051055908203,5.1175737380981445,-179.24898797187439,133.53398904270026,-87.21806681089404
3.507084369659424,0.14141130447387695,5.111392021179199,-179.21398863800306,133.73507446755673,-87.33841639649049
3.5006608963012695,0.14136886596679688,5.105202674865723,-179.22059251654903,133.86335382882788,-87.19089990858308
3.5006608963012695,0.14136886596679688,5.105202674865723,-179.22059251654903,133.86335382882788,-87.19089990858308
3.4945762157440186,0.14140725135803223,5.0996270179748535,-179.21714130361067,133.8653944867086,-87.23889915448368
3.487733840942383,0.141190767288208,5.09358024597168,-179.23821494567525,133.98947418523346,-87.14963647913977
3.487733840942383,0.141190767288208,5.09358024597168,-179.23821494567525,133.98947418523346,-87.14963647913977
3.4812514781951904,0.14144372940063477,5.087509632110596,-179.2538243708802,134.06119760876518,-87.21548103831553
3.4759421348571777,0.1414639949798584,5.082637786865234,-179.25448097774523,134.0655838878774,-87.22352798096253
3.4759421348571777,0.1414639949798584,5.082637786865234,-179.25448097774523,134.0655838878774,-87.22352798096253
3.4715988636016846,0.14143133163452148,5.078128337860107,-179.25522515451874,134.05046438666662,-87.26362967787459
3.466158866882324,0.1415572166442871,5.072904109954834,-179.22816082659455,133.96993538643022,-87.22170316865532
3.466158866882324,0.1415572166442871,5.072904109954834,-179.22816082659455,133.96993538643022,-87.22170316865532
3.460319995880127,0.14141011238098145,5.067018508911133,-179.2864747195311,133.8877381023429,-87.18708399825202
3.4534101486206055,0.14132428169250488,5.06040096282959,-179.26643601847803,133.93696809471086,-87.25820224177912
3.4534101486206055,0.14132428169250488,5.06040096282959,-179.26643601847803,133.93696809471086,-87.25820224177912
3.4459524154663086,0.14144563674926758,5.05342960357666,-179.2689145089621,133.94933015502633,-87.14929702695676
3.4377918243408203,0.14135479927062988,5.0457916259765625,-179.28219877087898,133.8242390384475,-87.12501994851178
3.4377918243408203,0.14135479927062988,5.0457916259765625,-179.28219877087898,133.8242390384475,-87.12501994851178
3.4299869537353516,0.1414203643798828,5.038322448730469,-179.32155524171134,133.71261517674412,-87.05588733260034
3.4228017330169678,0.14126324653625488,5.031380653381348,-179.36628384216797,133.84124359777078,-87.0190893978115
3.4228017330169678,0.14126324653625488,5.031380653381348,-179.36628384216797,133.84124359777078,-87.0190893978115
3.4170970916748047,0.14128684997558594,5.02586555480957,-179.3944457271964,133.92439284451365,-86.96184443021596
3.4131271839141846,0.14131951332092285,5.022377967834473,-179.43005188591405,133.92838863030343,-86.89455740351644
3.4131271839141846,0.14131951332092285,5.022377967834473,-179.43005188591405,133.92838863030343,-86.89455740351644
3.4115118980407715,0.14125347137451172,5.021261215209961,-179.4347764556962,133.91096977643946,-86.93643904603519
3.4116320610046387,0.1414334774017334,5.020988464355469,-179.47812401448957,133.89234651949394,-86.75123404962302
3.4116320610046387,0.1414334774017334,5.020988464355469,-179.47812401448957,133.89234651949394,-86.75123404962302
3.411803960800171,0.1413881778717041,5.020750522613525,-179.65538105360127,133.89418014606935,-86.63072176310321
3.411886692047119,0.14148497581481934,5.0206804275512695,-179.7317765512906,133.89336279218705,-86.58175572566454
3.411886692047119,0.14148497581481934,5.0206804275512695,-179.7317765512906,133.89336279218705,-86.58175572566454
3.4118967056274414,0.14134550094604492,5.020681381225586,-179.71564346410418,133.87905618906146,-86.58785057398315
3.4118757247924805,0.1414170265197754,5.020627021789551,-179.69425171005085,133.87604322321437,-86.61351023770791
3.4118757247924805,0.1414170265197754,5.020627021789551,-179.69425171005085,133.87604322321437,-86.61351023770791
3.411971092224121,0.141357421875,5.020666122436523,-179.68629418340979,133.88419931612302,-86.61698691204013
3.4119415283203125,0.14130949974060059,5.020669460296631,-179.68866666737114,133.90171528549624,-86.61141907451588
3.4119415283203125,0.14130949974060059,5.020669460296631,-179.68866666737114,133.90171528549624,-86.61141907451588
3.4117507934570312,0.14139199256896973,5.020565032958984,-179.68427300725457,133.89118911838307,-86.61337992716439
3.411902904510498,0.14144611358642578,5.0206379890441895,-179.68541040420854,133.88923279866017,-86.60252828684355
3.411902904510498,0.14144611358642578,5.0206379890441895,-179.68541040420854,133.88923279866017,-86.60252828684355
3.4118571281433105,0.14145541191101074,5.020595073699951,-179.67609810016594,133.87923296446874,-86.61416782965163
3.411926746368408,0.14139008522033691,5.0206708908081055,-179.66369389471328,133.8885554551884,-86.64735631718283
3.411926746368408,0.14139008522033691,5.0206708908081055,-179.66369389471328,133.8885554551884,-86.64735631718283
3.4118289947509766,0.14141058921813965,5.020595550537109,-179.6769736521171,133.8894159186505,-86.61077964232196
3.4118289947509766,0.14141058921813965,5.020595550537109,-179.6769736521171,133.8894159186505,-86.61077964232196
3.4118289947509766,0.14141058921813965,5.020595550537109,-179.6769736521171,133.8894159186505,-86.61077964232196
3.4117980003356934,0.14128804206848145,5.020621299743652,-179.68510330593926,133.90001953622587,-86.60250129166313
3.4119739532470703,0.14153718948364258,5.02058744430542,-179.68014683440407,133.89372498865106,-86.59893784515907
3.4119739532470703,0.14153718948364258,5.02058744430542,-179.68014683440407,133.89372498865106,-86.59893784515907
3.4117889404296875,0.14150524139404297,5.020702362060547,-179.66356378085155,133.89535201886346,-86.60259336635708
3.4117560386657715,0.14146161079406738,5.0206193923950195,-179.66551627983856,133.89819976923712,-86.60299828101843
3.4117560386657715,0.14146161079406738,5.0206193923950195,-179.66551627983856,133.89819976923712,-86.60299828101843
3.41186261177063,0.14147400856018066,5.020594596862793,-179.68278252025613,133.89976096263547,-86.58925903813052
3.411837100982666,0.14136457443237305,5.020631790161133,-179.65896910431334,133.88413986574292,-86.60289736807604
3.411837100982666,0.14136457443237305,5.020631790161133,-179.65896910431334,133.88413986574292,-86.60289736807604
3.411921977996826,0.1416318416595459,5.020554542541504,-179.66181274741058,133.8779931046523,-86.60673274680805
3.4118921756744385,0.14147090911865234,5.020639419555664,-179.65164596002876,133.8775963872886,-86.61450181333483
3.4118921756744385,0.14147090911865234,5.020639419555664,-179.65164596002876,133.8775963872886,-86.61450181333483
3.4119255542755127,0.14153528213500977,5.0206146240234375,-179.64251927392763,133.89346928438883,-86.62089790303682
3.4118080139160156,0.1415109634399414,5.0206403732299805,-179.62335706147863,133.88092787842973,-86.63436410647023
3.4118080139160156,0.1415109634399414,5.0206403732299805,-179.62335706147863,133.88092787842973,-86.63436410647023
3.411869525909424,0.14152789115905762,5.020575523376465,-179.62952796336765,133.8766942560936,-86.63924758393168
3.411818027496338,0.14149856567382812,5.020564079284668,-179.61434866612595,133.87669567632545,-86.66128314761121
3.411818027496338,0.14149856567382812,5.020564079284668,-179.61434866612595,133.87669567632545,-86.66128314761121
3.4117605686187744,0.14149212837219238,5.02058219909668,-179.6139564327008,133.8701839007656,-86.6624925265397
3.4118974208831787,0.14152050018310547,5.020591735839844,-179.6012151962992,133.86908652737347,-86.67512754760533
3.4118974208831787,0.14152050018310547,5.020591735839844,-179.6012151962992,133.86908652737347,-86.67512754760533
3.4118309020996094,0.1416478157043457,5.020588397979736,-179.59708371753172,133.8675596765118,-86.67188735584266
3.4117493629455566,0.14148855209350586,5.0204315185546875,-179.5867249392772,133.86746479920674,-86.67732277695089
3.4117493629455566,0.14148855209350586,5.0204315185546875,-179.5867249392772,133.86746479920674,-86.67732277695089
3.4118080139160156,0.14164376258850098,5.020512580871582,-179.57491589910032,133.8701812342845,-86.68635459228743
3.411933422088623,0.14141321182250977,5.020648956298828,-179.58012147922958,133.8625926237028,-86.72328119715392
3.411933422088623,0.14141321182250977,5.020648956298828,-179.58012147922958,133.8625926237028,-86.72328119715392
3.4117512702941895,0.14148283004760742,5.020659923553467,-179.5490121033717,133.85324779322275,-86.72440421755475
3.4118547439575195,0.1414651870727539,5.020608425140381,-179.56057948519754,133.85290089477706,-86.71760173614946
3.4118547439575195,0.1414651870727539,5.020608425140381,-179.56057948519754,133.85290089477706,-86.71760173614946
3.4119081497192383,0.14158987998962402,5.020628929138184,-179.5714474311857,133.86536245990243,-86.71497315406509
3.4116873741149902,0.14143586158752441,5.020490646362305,-179.58758181027474,133.87275925317113,-86.68808777486736
3.4116873741149902,0.14143586158752441,5.020490646362305,-179.58758181027474,133.87275925317113,-86.68808777486736
3.411731481552124,0.14137530326843262,5.020589828491211,-179.57734201057036,133.89276718064067,-86.71515869773691
3.4118869304656982,0.14144110679626465,5.020697593688965,-179.57772133341933,133.88343924855022,-86.72563979820677
3.4118869304656982,0.14144110679626465,5.020697593688965,-179.57772133341933,133.88343924855022,-86.72563979820677
3.4116883277893066,0.14160728454589844,5.020498275756836,-179.5795605589562,133.87753872926925,-86.72837374834602
3.411820411682129,0.14147138595581055,5.0204925537109375,-179.5898502435146,133.87592836982824,-86.70444604201481
3.411820411682129,0.14147138595581055,5.0204925537109375,-179.5898502435146,133.87592836982824,-86.70444604201481
3.411740303039551,0.14151859283447266,5.020453453063965,-179.60714346073763,133.8726398635482,-86.67742654358709
3.411898612976074,0.14149951934814453,5.020518779754639,-179.62200381444575,133.88366675264663,-86.65666777994248
3.411898612976074,0.14149951934814453,5.020518779754639,-179.62200381444575,133.88366675264663,-86.65666777994248
3.4117283821105957,0.14149165153503418,5.020401477813721,-179.65148299199237,133.87555788137908,-86.60689351335469
3.4118337631225586,0.1416482925415039,5.020310878753662,-179.647370862212,133.88723805909225,-86.60921830842022
3.4118337631225586,0.1416482925415039,5.020310878753662,-179.647370862212,133.88723805909225,-86.60921830842022
3.4118566513061523,0.14148235321044922,5.020421028137207,-179.63897308182803,133.88885826501388,-86.62518929342444
3.411846160888672,0.14153480529785156,5.02040958404541,-179.64078189844355,133.88305917041782,-86.60195020529386
3.411846160888672,0.14153480529785156,5.02040958404541,-179.64078189844355,133.88305917041782,-86.60195020529386
3.4118282794952393,0.14152193069458008,5.020359039306641,-179.63891586925777,133.887401863399,-86.61774771900215
3.4118242263793945,0.14150619506835938,5.020490646362305,-179.6238024406417,133.88352917870964,-86.6506094220084
3.4118242263793945,0.14150619506835938,5.020490646362305,-179.6238024406417,133.88352917870964,-86.6506094220084
3.4118757247924805,0.14162158966064453,5.020575046539307,-179.61138117526602,133.88248019779007,-86.6648863441088
3.411807060241699,0.14158964157104492,5.020425796508789,-179.61437532099083,133.87565464439805,-86.66254688712183
3.411807060241699,0.14158964157104492,5.020425796508789,-179.61437532099083,133.87565464439805,-86.66254688712183
3.4119138717651367,0.1415102481842041,5.020440101623535,-179.6174721966302,133.8842002888809,-86.65244182666157
3.411395788192749,0.1415557861328125,5.020888328552246,-179.2129912430004,133.89436665467767,-86.95967392084938
3.411395788192749,0.1415557861328125,5.020888328552246,-179.2129912430004,133.89436665467767,-86.95967392084938
3.411573886871338,0.14145994186401367,5.02092170715332,-179.4150667876708,133.90889559868992,-86.90837639165177
3.4113807678222656,0.14146137237548828,5.020900249481201,-179.29440022239214,133.92874946443118,-86.94940797703542
3.4113807678222656,0.14146137237548828,5.020900249481201,-179.29440022239214,133.92874946443118,-86.94940797703542
3.4108996391296387,0.14142179489135742,5.020482063293457,-179.3619991979434,133.98476751615465,-86.95996959467018
3.4098095893859863,0.14141321182250977,5.019591808319092,-179.32818460141362,134.0717015579957,-86.9967497064164
3.4098095893859863,0.14141321182250977,5.019591808319092,-179.32818460141362,134.0717015579957,-86.9967497064164
3.404447317123413,0.14139890670776367,5.0147552490234375,-179.3411694767601,134.4625721549481,-87.00369992570143
3.404447317123413,0.14139890670776367,5.0147552490234375,-179.3411694767601,134.4625721549481,-87.00369992570143
3.3971917629241943,0.14141178131103516,5.008542537689209,-179.26014687939727,134.81503001163972,-87.03684947601263
3.3971917629241943,0.14141178131103516,5.008542537689209,-179.26014687939727,134.81503001163972,-87.03684947601263
3.391469955444336,0.1412665843963623,5.003917694091797,-179.12614755597056,134.97732336675733,-87.09472013447329
3.387211799621582,0.14136672019958496,5.00021505355835,-179.01438686597308,135.0478849327152,-87.17116444869524
3.387211799621582,0.14136672019958496,5.00021505355835,-179.01438686597308,135.0478849327152,-87.17116444869524
3.3841195106506348,0.1413867473602295,4.998039245605469,-178.86631562653514,135.1321094974723,-87.29467377692282
3.381432056427002,0.14150166511535645,4.995946884155273,-178.84111711727786,135.2026091662625,-87.33727508440991
3.381432056427002,0.14150166511535645,4.995946884155273,-178.84111711727786,135.2026091662625,-87.33727508440991
3.3784008026123047,0.14117789268493652,4.993320941925049,-178.82350831015899,135.2900153511552,-87.37464216285537
3.3752856254577637,0.14115285873413086,4.990810394287109,-178.85786429784613,135.3795904954325,-87.30022468452398
3.3752856254577637,0.14115285873413086,4.990810394287109,-178.85786429784613,135.3795904954325,-87.30022468452398
3.3698036670684814,0.14126157760620117,4.98649787902832,-178.8608104548869,135.4783820411661,-87.32464446088392
3.365008592605591,0.14107942581176758,4.982278823852539,-178.88661921385122,135.4864054406775,-87.34414130383934
3.365008592605591,0.14107942581176758,4.982278823852539,-178.88661921385122,135.4864054406775,-87.34414130383934
3.3604798316955566,0.1411285400390625,4.978601455688477,-178.94410793364122,135.6491010260533,-87.36683822160232
3.3604798316955566,0.1411285400390625,4.978601455688477,-178.94410793364122,135.6491010260533,-87.36683822160232
3.3538122177124023,0.14116954803466797,4.973349571228027,-178.88255848861397,135.76985163259846,-87.33993847013579
3.3472771644592285,0.1410841941833496,4.9679765701293945,-178.89734556278145,135.76925795048513,-87.27763031477696
3.3472771644592285,0.1410841941833496,4.9679765701293945,-178.89734556278145,135.76925795048513,-87.27763031477696
3.3405959606170654,0.14104127883911133,4.963268280029297,-178.86812584478793,135.87295452252738,-87.30777736472982
3.3326048851013184,0.141251802444458,4.956862449645996,-178.82929253829136,135.9408771695909,-87.28399707252666
3.3326048851013184,0.141251802444458,4.956862449645996,-178.82929253829136,135.9408771695909,-87.28399707252666
3.323063611984253,0.14102888107299805,4.949682235717773,-178.86087602164795,135.80816871134624,-87.32152966049591
3.3126325607299805,0.1410367488861084,4.941276550292969,-178.87438336504744,135.7319665276889,-87.25373287163092
3.3126325607299805,0.1410367488861084,4.941276550292969,-178.87438336504744,135.7319665276889,-87.25373287163092
3.3037805557250977,0.14091849327087402,4.9342732429504395,-178.8149785420263,135.81924749990478,-87.28956748108224
3.298672676086426,0.14090895652770996,4.930251121520996,-178.8644310253129,135.8548544013178,-87.2776367556222
3.298672676086426,0.14090895652770996,4.930251121520996,-178.8644310253129,135.8548544013178,-87.2776367556222
3.2955703735351562,0.1408519744873047,4.927610397338867,-178.9155207220259,135.7991302011992,-87.25374364148178
3.29307222366333,0.14072179794311523,4.925600051879883,-178.93039956625535,135.75708546259688,-87.2749576378115
3.29307222366333,0.14072179794311523,4.925600051879883,-178.93039956625535,135.75708546259688,-87.2749576378115
3.2900125980377197,0.14086651802062988,4.923125743865967,-178.9437329632787,135.78511782177864,-87.2417262872283
3.285888195037842,0.1407332420349121,4.91982364654541,-178.9222355443677,135.8006292325675,-87.26511606173077
3.285888195037842,0.1407332420349121,4.91982364654541,-178.9222355443677,135.8006292325675,-87.26511606173077
3.28143310546875,0.14078116416931152,4.9161295890808105,-178.9027856446392,135.7661004170766,-87.24047577594462
3.2766261100769043,0.14083075523376465,4.912535190582275,-178.91542130867623,135.72530243063514,-87.253282229998
3.2766261100769043,0.14083075523376465,4.912535190582275,-178.91542130867623,135.72530243063514,-87.253282229998
3.2714900970458984,0.14078187942504883,4.908302307128906,-178.93424901233308,135.71974752497954,-87.26891622702146
3.266702890396118,0.14067292213439941,4.904592514038086,-178.9500676568522,135.72682470333905,-87.2644498087127
3.266702890396118,0.14067292213439941,4.904592514038086,-178.9500676568522,135.72682470333905,-87.2644498087127
3.263700008392334,0.14077377319335938,4.9024176597595215,-178.92961203308266,135.71777724023343,-87.30666575936098
3.262711524963379,0.14055299758911133,4.901792526245117,-178.90108160860402,135.71952208614877,-87.32857789302119
3.262711524963379,0.14055299758911133,4.901792526245117,-178.90108160860402,135.71952208614877,-87.32857789302119
3.261089563369751,0.14069676399230957,4.90039587020874,-178.85687223260047,135.7361109880598,-87.33767840381574
3.2588000297546387,0.1405928134918213,4.898619651794434,-178.8485353322309,135.72394147114179,-87.34658756693938
3.2588000297546387,0.1405928134918213,4.898619651794434,-178.8485353322309,135.72394147114179,-87.34658756693938
3.2573719024658203,0.14057159423828125,4.89755916595459,-178.84805563110038,135.7179565090377,-87.37889365145776
3.2543652057647705,0.14072561264038086,4.895201683044434,-178.88589944995437,135.6793775840273,-87.32811206844153
3.2543652057647705,0.14072561264038086,4.895201683044434,-178.88589944995437,135.6793775840273,-87.32811206844153
3.249782085418701,0.1406850814819336,4.891916751861572,-178.98271212864907,135.68890189364637,-87.29433759863613
3.2440686225891113,0.14053630828857422,4.887516021728516,-178.92768926931953,135.64775027013968,-87.28559464388823
3.2440686225891113,0.14053630828857422,4.887516021728516,-178.92768926931953,135.64775027013968,-87.28559464388823
3.238760471343994,0.14066433906555176,4.883087158203125,-178.94815696796857,135.588868185199,-87.36952802026124
3.2344303131103516,0.14086055755615234,4.880129814147949,-178.95697995753943,135.50374037531063,-87.27607614158511
3.2344303131103516,0.14086055755615234,4.880129814147949,-178.95697995753943,135.50374037531063,-87.27607614158511
3.2322888374328613,0.14056730270385742,4.8783063888549805,-178.92794880289554,135.50190730006193,-87.3617889563206
3.227813720703125,0.14064526557922363,4.874569892883301,-178.97036458490152,135.55321833532327,-87.27210364839864
3.227813720703125,0.14064526557922363,4.874569892883301,-178.97036458490152,135.55321833532327,-87.27210364839864
3.2201409339904785,0.14063715934753418,4.868393898010254,-178.93538773952673,135.50134152337992,-87.33790370270279
3.2114529609680176,0.14061641693115234,4.860581398010254,-178.95839063368282,135.35571815112309,-87.2453518898821
3.2114529609680176,0.14061641693115234,4.860581398010254,-178.95839063368282,135.35571815112309,-87.2453518898821
3.2039260864257812,0.1408848762512207,4.853724002838135,-178.9340794524021,135.29752555356686,-87.14151727166394
3.198103904724121,0.14070415496826172,4.8483195304870605,-178.95593893731487,135.24534453927424,-87.28044105383591
3.198103904724121,0.14070415496826172,4.8483195304870605,-178.95593893731487,135.24534453927424,-87.28044105383591
3.193942070007324,0.14077329635620117,4.845047950744629,-178.83560400896621,135.3263261524581,-87.3510547648001
3.193942070007324,0.14077329635620117,4.845047950744629,-178.83560400896621,135.3263261524581,-87.3510547648001
3.1911158561706543,0.1405048370361328,4.842705726623535,-178.85653250100472,135.3678602769198,-87.36454348900968
3.1911158561706543,0.1405048370361328,4.842705726623535,-178.85653250100472,135.3678602769198,-87.36454348900968
3.1890769004821777,0.1403336524963379,4.840806007385254,-178.96245459929978,135.3418649868429,-87.35502009514072
3.187023639678955,0.1403944492340088,4.83927059173584,-178.96965152063007,135.3575988417132,-87.35647468634745
3.187023639678955,0.1403944492340088,4.83927059173584,-178.96965152063007,135.3575988417132,-87.35647468634745
3.1851000785827637,0.14044857025146484,4.837900638580322,-178.95038356060942,135.33817538793687,-87.32744652995318
3.183201313018799,0.1403799057006836,4.836341857910156,-178.9340954896573,135.32252169051657,-87.38463426901296
3.183201313018799,0.1403799057006836,4.836341857910156,-178.9340954896573,135.32252169051657,-87.38463426901296
3.1806559562683105,0.14075636863708496,4.834101676940918,-178.97829679740903,135.28719421213873,-87.30833357060664
3.1770401000976562,0.14049077033996582,4.8310747146606445,-178.9959889652012,135.26121711416076,-87.33358466895818
3.1770401000976562,0.14049077033996582,4.8310747146606445,-178.9959889652012,135.26121711416076,-87.33358466895818
3.17215633392334,0.14041829109191895,4.827297210693359,-179.03967468781428,135.25014727860287,-87.3258474323764
3.1668052673339844,0.1405167579650879,4.822513580322266,-179.04072301740766,135.15945585162345,-87.3582218438401
3.1668052673339844,0.1405167579650879,4.822513580322266,-179.04072301740766,135.15945585162345,-87.3582218438401
3.161423921585083,0.14035582542419434,4.818110942840576,-179.00537096005593,135.11600311745033,-87.402298429099
3.155683994293213,0.14051246643066406,4.813077926635742,-179.01711169218206,135.20737784067043,-87.37959928629115
3.155683994293213,0.14051246643066406,4.813077926635742,-179.01711169218206,135.20737784067043,-87.37959928629115
3.1488516330718994,0.1404571533203125,4.807567596435547,-179.066553299024,135.38858838724374,-87.3703974063617
3.142550468444824,0.14066529273986816,4.801876544952393,-179.0439773473124,135.55184023912364,-87.43554068303578
3.142550468444824,0.14066529273986816,4.801876544952393,-179.0439773473124,135.55184023912364,-87.43554068303578
3.137789249420166,0.14036035537719727,4.797769546508789,-179.1536756867941,135.6174934873746,-87.41862056517702
3.1333882808685303,0.14056682586669922,4.793776035308838,-179.16885641105844,135.65639988355477,-87.43561266343427
3.1333882808685303,0.14056682586669922,4.793776035308838,-179.16885641105844,135.65639988355477,-87.43561266343427
3.128476142883301,0.14069676399230957,4.789256572723389,-179.13739677314874,135.69191728441214,-87.54552008893229
3.1225037574768066,0.14045095443725586,4.784426212310791,-179.19231273234084,135.82092850780023,-87.37090880119112
3.1225037574768066,0.14045095443725586,4.784426212310791,-179.19231273234084,135.82092850780023,-87.37090880119112
3.116750717163086,0.140578031539917,4.779051780700684,-179.303583630403,135.88678508375935,-87.33148849126549
3.11175274848938,0.14039397239685059,4.774628639221191,-179.35280930922218,135.80600473609988,-87.3179756255155
3.11175274848938,0.14039397239685059,4.774628639221191,-179.35280930922218,135.80600473609988,-87.3179756255155
3.1059908866882324,0.14072299003601074,4.770018577575684,-179.3628738392619,135.81164085776115,-87.31014335108453
3.1059908866882324,0.14072299003601074,4.770018577575684,-179.3628738392619,135.81164085776115,-87.31014335108453
3.0990641117095947,0.14067935943603516,4.7642645835876465,-179.1862547875893,135.80990133212805,-87.42881913705642
3.0918469429016113,0.14084744453430176,4.758154392242432,-179.0707083734637,135.92027310620233,-87.53344538839573
3.0918469429016113,0.14084744453430176,4.758154392242432,-179.0707083734637,135.92027310620233,-87.53344538839573
3.0860683917999268,0.14067745208740234,4.753017902374268,-179.1099801935103,135.97047998757625,-87.5010627287711
3.0810956954956055,0.14067482948303223,4.748429298400879,-179.07099353035596,136.0016001279364,-87.53867798726394
3.0810956954956055,0.14067482948303223,4.748429298400879,-179.07099353035596,136.0016001279364,-87.53867798726394
3.0758159160614014,0.14063668251037598,4.743868827819824,-179.0628869432386,135.9928915198881,-87.59300754030369
3.070662260055542,0.14066815376281738,4.739238262176514,-179.08868281161295,136.01344737895556,-87.6069146240579
3.070662260055542,0.14066815376281738,4.739238262176514,-179.08868281161295,136.01344737895556,-87.6069146240579
3.065596103668213,0.14077067375183105,4.7349534034729,-179.05339734688937,136.0573139909022,-87.57625704558477
3.0615646839141846,0.14074134826660156,4.731220245361328,-179.1036690455524,136.01426883939678,-87.61639654394243
3.0615646839141846,0.14074134826660156,4.731220245361328,-179.1036690455524,136.01426883939678,-87.61639654394243
3.0582666397094727,0.14075231552124023,4.728217124938965,-179.10522277662594,135.95702241024276,-87.59196650316989
3.0550284385681152,0.140838623046875,4.725546836853027,-179.16443810072445,135.90233491718476,-87.54237383411471
3.0550284385681152,0.140838623046875,4.725546836853027,-179.16443810072445,135.90233491718476,-87.54237383411471
3.0516183376312256,0.14084672927856445,4.722717761993408,-179.21009375512088,135.80456371456464,-87.48976050247094
3.048292636871338,0.1408841609954834,4.719648838043213,-179.25234273051802,135.7398356060663,-87.49555714567182
3.048292636871338,0.1408841609954834,4.719648838043213,-179.25234273051802,135.7398356060663,-87.49555714567182
3.0439844131469727,0.14081358909606934,4.716269493103027,-179.2895294527913,135.65966762867433,-87.44620238207884
3.0388126373291016,0.14082121849060059,4.711740493774414,-179.30887491468664,135.4654120271169,-87.38080368159308
3.0388126373291016,0.14082121849060059,4.711740493774414,-179.30887491468664,135.4654120271169,-87.38080368159308
3.034888982772827,0.14109301567077637,4.708427906036377,-179.35329475294057,135.33485151128434,-87.33164261712152
3.033337116241455,0.14089226722717285,4.7071380615234375,-179.3465792633505,135.29365747484786,-87.41187133724804
3.033337116241455,0.14089226722717285,4.7071380615234375,-179.3465792633505,135.29365747484786,-87.41187133724804
3.0320863723754883,0.14095807075500488,4.7059221267700195,-179.3394716975881,135.2763642183338,-87.38140246905544
3.0295279026031494,0.1411588191986084,4.703703880310059,-179.31375495032023,135.27128150306,-87.32068665722522
3.0295279026031494,0.1411588191986084,4.703703880310059,-179.31375495032023,135.27128150306,-87.32068665722522
3.0288703441619873,0.14098501205444336,4.703118324279785,-179.3725544088609,135.33174042669708,-87.34601661360435
3.02884578704834,0.14093780517578125,4.703281879425049,-179.4362249223082,135.3170049759234,-87.19678402372519
3.02884578704834,0.14093780517578125,4.703281879425049,-179.4362249223082,135.3170049759234,-87.19678402372519
3.0289323329925537,0.14069843292236328,4.703183174133301,-179.4670582507965,135.3182647540126,-87.17836004640924
3.0290801525115967,0.140822172164917,4.703179359436035,-179.49799533766924,135.33268103690574,-87.18698818532785
3.0290801525115967,0.140822172164917,4.703179359436035,-179.49799533766924,135.33268103690574,-87.18698818532785
3.0290560722351074,0.14088177680969238,4.703136444091797,-179.49755475047758,135.33430386729088,-87.19133928239827
3.0290560722351074,0.14088177680969238,4.703136444091797,-179.49755475047758,135.33430386729088,-87.19133928239827
3.0290236473083496,0.14074087142944336,4.703082084655762,-179.50257766094532,135.32941354539946,-87.18769834779674
3.0290236473083496,0.14074087142944336,4.703082084655762,-179.50257766094532,135.32941354539946,-87.18769834779674
3.0290040969848633,0.1408371925354004,4.703141212463379,-179.50588157689427,135.32766746186374,-87.18296301126877
3.0291147232055664,0.14083242416381836,4.703168869018555,-179.50949052919515,135.3286212553021,-87.18051223572303
3.0291147232055664,0.14083242416381836,4.703168869018555,-179.50949052919515,135.3286212553021,-87.18051223572303
3.029113292694092,0.1408071517944336,4.70326566696167,-179.51229715730167,135.32676894756395,-87.18440028507776
3.0290703773498535,0.14089083671569824,4.703110694885254,-179.5035947376921,135.32577422499767,-87.18025939926704
3.0290703773498535,0.14089083671569824,4.703110694885254,-179.5035947376921,135.32577422499767,-87.18025939926704
3.0289578437805176,0.14089179039001465,4.7031331062316895,-179.49295613143644,135.32022016312175,-87.18755780231554
3.0290627479553223,0.14089441299438477,4.703053951263428,-179.49324777028616,135.33072749847452,-87.19419838975243
3.0290627479553223,0.14089441299438477,4.703053951263428,-179.49324777028616,135.33072749847452,-87.19419838975243
3.02909255027771,0.14071178436279297,4.703183174133301,-179.49785868367235,135.3222002826685,-87.1929776591398
3.029111862182617,0.1408703327178955,4.703172206878662,-179.5068725587143,135.3180149921515,-87.17769962363815
3.029111862182617,0.1408703327178955,4.703172206878662,-179.5068725587143,135.3180149921515,-87.17769962363815
3.0289883613586426,0.14084315299987793,4.703158855438232,-179.5043810930866,135.31335666251863,-87.17730609384567
3.029041051864624,0.1407759189605713,4.703114986419678,-179.5020234130252,135.31153346661955,-87.19035456101501
3.029041051864624,0.1407759189605713,4.703114986419678,-179.5020234130252,135.31153346661955,-87.19035456101501
3.029031753540039,0.1409168243408203,4.703092098236084,-179.4874534368406,135.3167114030972,-87.2071745181552
3.0291128158569336,0.140838623046875,4.703159809112549,-179.49504946712113,135.31808050129754,-87.21667121783352
3.0291128158569336,0.140838623046875,4.703159809112549,-179.49504946712113,135.31808050129754,-87.21667121783352
3.0290088653564453,0.1408066749572754,4.703125,-179.5043697822279,135.3188192293778,-87.21048874208782
3.029114246368408,0.14075565338134766,4.703083515167236,-179.49225683331707,135.31976134223848,-87.22662005700793
3.029114246368408,0.14075565338134766,4.703083515167236,-179.49225683331707,135.31976134223848,-87.22662005700793
3.029043674468994,0.1407766342163086,4.703224182128906,-179.49398758486788,135.30880239118775,-87.2095962460359
3.029067039489746,0.14079713821411133,4.70317268371582,-179.50995807000794,135.3122070378028,-87.18891724469722
3.029067039489746,0.14079713821411133,4.70317268371582,-179.50995807000794,135.3122070378028,-87.18891724469722
3.0290493965148926,0.1407299041748047,4.703062534332275,-179.51761819949186,135.31775634932112,-87.17435575894868
3.028968572616577,0.1407315731048584,4.70302152633667,-179.4985567813716,135.31591180860525,-87.1862403891383
3.028968572616577,0.1407315731048584,4.70302152633667,-179.4985567813716,135.31591180860525,-87.1862403891383
3.029097557067871,0.14079713821411133,4.703096866607666,-179.4970202612046,135.31645035938774,-87.19114194933883
3.028961181640625,0.14068984985351562,4.703098297119141,-179.4978830358944,135.3219201334694,-87.18495661098981
3.028961181640625,0.14068984985351562,4.703098297119141,-179.4978830358944,135.3219201334694,-87.18495661098981
3.02909517288208,0.14078378677368164,4.703035354614258,-179.5025096121226,135.31537800784199,-87.19434979007687
3.0289344787597656,0.14084625244140625,4.703200340270996,-179.3689044844552,135.31652392522057,-87.28346253825052
3.0289344787597656,0.14084625244140625,4.703200340270996,-179.3689044844552,135.31652392522057,-87.28346253825052
3.0289525985717773,0.14064645767211914,4.703363418579102,-179.3891956036232,135.32205837821468,-87.2775423000238
3.0289182662963867,0.14065170288085938,4.703261375427246,-179.4120065076522,135.3427730708821,-87.30385042429427
3.0289182662963867,0.14065170288085938,4.703261375427246,-179.4120065076522,135.3427730708821,-87.30385042429427
3.0266785621643066,0.1408224105834961,4.701385021209717,-179.44385803779872,135.667569291423,-87.35416690379807
3.018822431564331,0.14093971252441406,4.694785118103027,-179.55704023398013,136.41068993987554,-87.1008113049412
3.018822431564331,0.14093971252441406,4.694785118103027,-179.55704023398013,136.41068993987554,-87.1008113049412
3.0112361907958984,0.1409897804260254,4.68858528137207,-179.42408027383382,136.74284941690678,-87.17360041035727
3.0075035095214844,0.14083099365234375,4.685526371002197,-179.44559002917674,136.81032417900337,-87.17122639464537
3.0075035095214844,0.14083099365234375,4.685526371002197,-179.44559002917674,136.81032417900337,-87.17122639464537
3.006751298904419,0.14089107513427734,4.684948921203613,-179.49564370053875,136.79254366186035,-87.21443512908341
3.0041661262512207,0.14082908630371094,4.682919025421143,-179.41788011338556,136.93291202520382,-87.26026460159879
3.0041661262512207,0.14082908630371094,4.682919025421143,-179.41788011338556,136.93291202520382,-87.26026460159879
3.0019543170928955,0.14072489738464355,4.681125640869141,-179.46040201927804,137.02646770108677,-87.24594482974044
2.998913288116455,0.1408097743988037,4.678596019744873,-179.51882732936213,137.06523427937137,-87.15029557381509
2.998913288116455,0.1408097743988037,4.678596019744873,-179.51882732936213,137.06523427937137,-87.15029557381509
2.996274471282959,0.1409289836883545,4.67658805847168,-179.47116707039433,137.11044776447056,-87.15001178923383
2.9945080280303955,0.14091849327087402,4.67523193359375,-179.49644351326572,137.21388396440273,-87.1058584606064
2.9945080280303955,0.14091849327087402,4.67523193359375,-179.49644351326572,137.21388396440273,-87.1058584606064
2.991231679916382,0.14088797569274902,4.672935485839844,-179.49196539880228,137.36550172940642,-87.17269437362046
2.9866836071014404,0.14097952842712402,4.669235706329346,-179.52402404507362,137.5001937585249,-87.06657144193521
2.9866836071014404,0.14097952842712402,4.669235706329346,-179.52402404507362,137.5001937585249,-87.06657144193521
2.980069875717163,0.14090418815612793,4.664274215698242,-179.48248725621693,137.59527149317793,-87.07862625948778
2.9745655059814453,0.1408557891845703,4.659581184387207,-179.48502885665033,137.5769813433779,-87.06552752098965
2.9745655059814453,0.1408557891845703,4.659581184387207,-179.48502885665033,137.5769813433779,-87.06552752098965
2.9718246459960938,0.14111900329589844,4.657581329345703,-179.42786741967024,137.59636987151512,-87.06763531080101
2.971494674682617,0.14084935188293457,4.657340049743652,-179.48218346169838,137.62634012850333,-87.12466504578639
2.971494674682617,0.14084935188293457,4.657340049743652,-179.48218346169838,137.62634012850333,-87.12466504578639
2.9700193405151367,0.1409144401550293,4.656177520751953,-179.47571778311186,137.6582014990109,-87.128345334151
2.9666051864624023,0.14092540740966797,4.6533355712890625,-179.49603938237595,137.75322971918442,-87.10444971039496
2.9666051864624023,0.14092540740966797,4.6533355712890625,-179.49603938237595,137.75322971918442,-87.10444971039496
2.9666051864624023,0.14092540740966797,4.6533355712890625,-179.49603938237595,137.75322971918442,-87.10444971039496
2.9615578651428223,0.14099669456481934,4.649729251861572,-179.50272351147876,137.78691163932987,-87.03921202013123
2.9615578651428223,0.14099669456481934,4.649729251861572,-179.50272351147876,137.78691163932987,-87.03921202013123
2.9559614658355713,0.14087390899658203,4.645208358764648,-179.5446609851149,137.72656920827637,-86.97022994831461
2.9526703357696533,0.140885591506958,4.642333030700684,-179.50872117755202,137.74962685409432,-86.98545151231131
2.9526703357696533,0.140885591506958,4.642333030700684,-179.50872117755202,137.74962685409432,-86.98545151231131
2.9519600868225098,0.14083504676818848,4.641824722290039,-179.5062988729549,137.77429767032348,-87.03270243848162
2.951608896255493,0.14100432395935059,4.641350746154785,-179.51781369161176,137.79083970145302,-87.0493545360995
2.951608896255493,0.14100432395935059,4.641350746154785,-179.51781369161176,137.79083970145302,-87.0493545360995
2.948914051055908,0.14087128639221191,4.639474868774414,-179.51039904000956,137.83744693222405,-87.01290555332305
2.943776845932007,0.14083647727966309,4.635181427001953,-179.48441973585548,137.80322896047213,-87.00808450657077
2.943776845932007,0.14083647727966309,4.635181427001953,-179.48441973585548,137.80322896047213,-87.00808450657077
2.9371328353881836,0.14101481437683105,4.629580974578857,-179.51353856334364,137.87764861622253,-86.95946015743448
2.93027400970459,0.14106416702270508,4.623169422149658,-179.53145254315788,137.93815225327464,-86.94800244561773
2.93027400970459,0.14106416702270508,4.623169422149658,-179.53145254315788,137.93815225327464,-86.94800244561773
2.924123525619507,0.1410684585571289,4.6176042556762695,-179.54320583813447,138.08770471541217,-86.9236044176799
2.924123525619507,0.1410684585571289,4.6176042556762695,-179.54320583813447,138.08770471541217,-86.9236044176799
2.9185521602630615,0.1411302089691162,4.6125807762146,-179.49150445572104,138.28763030545363,-86.95891184046104
2.9138824939727783,0.14101648330688477,4.608822822570801,-179.45500350168413,138.41456835620232,-86.99240258799509
2.9138824939727783,0.14101648330688477,4.608822822570801,-179.45500350168413,138.41456835620232,-86.99240258799509
2.909559726715088,0.14085102081298828,4.6051764488220215,-179.4834229501477,138.5447961467284,-86.99674459614499
2.9046950340270996,0.14094805717468262,4.6011857986450195,-179.4931368522498,138.74785740947678,-86.99036598767319
2.9046950340270996,0.14094805717468262,4.6011857986450195,-179.4931368522498,138.74785740947678,-86.99036598767319
2.899876594543457,0.14112091064453125,4.596687316894531,-179.4878097272458,138.95366268242395,-86.99458896841088
2.894951343536377,0.14100289344787598,4.59251594543457,-179.57185490402392,139.0751678461693,-86.9977256326935
2.894951343536377,0.14100289344787598,4.59251594543457,-179.57185490402392,139.0751678461693,-86.9977256326935
2.8890998363494873,0.1407780647277832,4.587679386138916,-179.6052043092839,139.24758327162922,-86.95581950346175
2.8821840286254883,0.14102435111999512,4.581599235534668,-179.7053048027442,139.56851216886295,-86.9146560384334
2.8821840286254883,0.14102435111999512,4.581599235534668,-179.7053048027442,139.56851216886295,-86.9146560384334
2.8748464584350586,0.14101624488830566,4.575036525726318,-179.5974506083048,139.87457536387623,-86.95731965537912
2.8683245182037354,0.14118266105651855,4.569164276123047,-179.59773043358575,140.0558133393469,-86.94527373233332
2.8683245182037354,0.14118266105651855,4.569164276123047,-179.59773043358575,140.0558133393469,-86.94527373233332
2.8632659912109375,0.14108777046203613,4.5643744468688965,-179.686014000195,140.2573963871749,-86.92141267539836
2.8590779304504395,0.14096975326538086,4.56074333190918,-179.61932505465057,140.4015454749703,-86.98043668677056
2.8590779304504395,0.14096975326538086,4.56074333190918,-179.61932505465057,140.4015454749703,-86.98043668677056
2.8547675609588623,0.14092373847961426,4.557023048400879,-179.62727583261693,140.3935206379894,-87.0009594650615
2.849371910095215,0.14104270935058594,4.55165958404541,-179.6802240393891,140.27371679347596,-86.93518602051591
2.849371910095215,0.14104270935058594,4.55165958404541,-179.6802240393891,140.27371679347596,-86.93518602051591
2.8434789180755615,0.14111757278442383,4.545944690704346,-179.74406473868777,140.2412302312223,-86.91185038886506
2.838080406188965,0.1412351131439209,4.540744304656982,-179.67944465343527,140.18674577549422,-86.9850715432628
2.838080406188965,0.1412351131439209,4.540744304656982,-179.67944465343527,140.18674577549422,-86.9850715432628
2.833996057510376,0.14110279083251953,4.5368852615356445,-179.62203680754357,140.09559109783578,-87.02697958973557
2.8320083618164062,0.14093828201293945,4.535218715667725,-179.5727850194083,140.02004596107787,-87.01606567568992
2.8320083618164062,0.14093828201293945,4.535218715667725,-179.5727850194083,140.02004596107787,-87.01606567568992
2.8320133686065674,0.14128494262695312,4.535017013549805,-179.7039642997343,139.99452085993616,-86.94778558888828
2.8329567909240723,0.14139103889465332,4.53441858291626,179.74763503990076,139.98260062429753,-86.6490936120361
2.8329567909240723,0.14139103889465332,4.53441858291626,179.74763503990076,139.98260062429753,-86.6490936120361
2.8332223892211914,0.14139580726623535,4.534214019775391,179.64411554250438,140.00793414572735,-86.60013114801264
2.8333561420440674,0.14146113395690918,4.534241676330566,179.56213169389923,140.0132454321969,-86.58110822593882
2.8333561420440674,0.14146113395690918,4.534241676330566,179.56213169389923,140.0132454321969,-86.58110822593882
2.8333346843719482,0.14139342308044434,4.534219741821289,179.5277136230438,140.03661650573247,-86.56471810651502
2.8334484100341797,0.1414346694946289,4.5341925621032715,179.5129100525112,140.037064494719,-86.54353822540901
2.8334484100341797,0.1414346694946289,4.5341925621032715,179.5129100525112,140.037064494719,-86.54353822540901
2.833314895629883,0.14152169227600098,4.534182548522949,179.49604282598483,140.0355565637967,-86.52804729226843
2.8333749771118164,0.14147090911865234,4.5342020988464355,179.49890341377665,140.03616396536404,-86.52850747268924
2.8333749771118164,0.14147090911865234,4.5342020988464355,179.49890341377665,140.03616396536404,-86.52850747268924
2.8333938121795654,0.1413891315460205,4.534271240234375,179.4976881245986,140.0396262517183,-86.53086700949724
2.833441972732544,0.1413898468017578,4.534377574920654,179.492445691728,140.05699408265596,-86.524783415798
2.833441972732544,0.1413898468017578,4.534377574920654,179.492445691728,140.05699408265596,-86.524783415798
2.8333683013916016,0.14138126373291016,4.534258842468262,179.49160311299173,140.05975805628717,-86.51060555302428
2.833405017852783,0.1413102149963379,4.534266471862793,179.4857903726051,140.0593316467663,-86.51281740323142
2.833405017852783,0.1413102149963379,4.534266471862793,179.4857903726051,140.0593316467663,-86.51281740323142
2.8333353996276855,0.14138126373291016,4.534210205078125,179.47583280159282,140.06025503940344,-86.50694820300713
2.8333230018615723,0.14137744903564453,4.534263610839844,179.4768038157586,140.0522105963527,-86.50449106091963
2.8333230018615723,0.14137744903564453,4.534263610839844,179.4768038157586,140.0522105963527,-86.50449106091963
2.8333964347839355,0.14139533042907715,4.534215450286865,179.486908448569,140.0425134011472,-86.51123467522757
2.8333964347839355,0.14139533042907715,4.534215450286865,179.486908448569,140.0425134011472,-86.51123467522757
2.8333868980407715,0.14127659797668457,4.534323215484619,179.4943020615775,140.04899776230954,-86.51184026347109
2.8333868980407715,0.14127659797668457,4.534323215484619,179.4943020615775,140.04899776230954,-86.51184026347109
2.8333911895751953,0.14123773574829102,4.534343242645264,179.48958274919946,140.05695163524192,-86.51167077806001
2.833437442779541,0.14130806922912598,4.534393787384033,179.51011315939368,140.06080160783526,-86.53400125299024
2.833437442779541,0.14130806922912598,4.534393787384033,179.51011315939368,140.06080160783526,-86.53400125299024
2.833277702331543,0.14138388633728027,4.534299850463867,179.50643367154333,140.0673347880184,-86.52397591083015
2.8333680629730225,0.1413583755493164,4.534327983856201,179.50521823200995,140.06700070278004,-86.51919107952844
2.8333680629730225,0.1413583755493164,4.534327983856201,179.50521823200995,140.06700070278004,-86.51919107952844
2.8333771228790283,0.141326904296875,4.534296989440918,179.50988037164174,140.07217713816178,-86.529121306376
2.8332672119140625,0.14129233360290527,4.534298896789551,179.50823091507502,140.06720056855636,-86.51998869866026
2.8333096504211426,0.1412336826324463,4.534456729888916,179.50807443554334,140.064381059907,-86.52286424053435
2.8333096504211426,0.1412336826324463,4.534456729888916,179.50807443554334,140.064381059907,-86.52286424053435
2.8333683013916016,0.14136981964111328,4.534405708312988,179.51248199800318,140.06895405885118,-86.52553872474304
2.833305835723877,0.14133119583129883,4.534425735473633,179.50787861685438,140.05973114516354,-86.52389649007445
2.8334031105041504,0.1413261890411377,4.534341812133789,179.49288169292157,140.0632894658645,-86.51490904651648
2.8334031105041504,0.1413261890411377,4.534341812133789,179.49288169292157,140.0632894658645,-86.51490904651648
2.8333852291107178,0.14118719100952148,4.534440994262695,179.49060213492012,140.06933729989657,-86.51976057288094
2.8333852291107178,0.14118719100952148,4.534440994262695,179.49060213492012,140.06933729989657,-86.51976057288094
2.8333349227905273,0.14114046096801758,4.534398555755615,179.50674698579942,140.06697841385733,-86.5194208755111
2.8333916664123535,0.14119863510131836,4.534445762634277,179.51140069309042,140.06964537122207,-86.53435760164201
2.8333916664123535,0.14119863510131836,4.534445762634277,179.51140069309042,140.06964537122207,-86.53435760164201
2.833315372467041,0.14108943939208984,4.534440994262695,179.5274135670206,140.0709232408259,-86.54240173873085
2.833409547805786,0.14125823974609375,4.534424304962158,179.52453772589968,140.09194660678455,-86.54507544075409
2.833409547805786,0.14125823974609375,4.534424304962158,179.52453772589968,140.09194660678455,-86.54507544075409
2.8334097862243652,0.14129924774169922,4.53452730178833,179.52714047119227,140.0863426081198,-86.54452604292557
2.8334052562713623,0.14126086235046387,4.534428596496582,179.50833599529616,140.07602551734513,-86.51733075383602
2.8334052562713623,0.14126086235046387,4.534428596496582,179.50833599529616,140.07602551734513,-86.51733075383602
2.833388566970825,0.14111709594726562,4.5344390869140625,179.51135792848567,140.06783682796993,-86.52180829800855
2.8332784175872803,0.14113879203796387,4.534430027008057,179.49989046776096,140.06584407094726,-86.52095012969208
2.8332784175872803,0.14113879203796387,4.534430027008057,179.49989046776096,140.06584407094726,-86.52095012969208
2.833427667617798,0.14113116264343262,4.534543037414551,179.50079053676205,140.0687457934681,-86.53127146061735
2.8333182334899902,0.14106440544128418,4.534481048583984,179.50523932346536,140.09015144683832,-86.53337211081183
2.8333182334899902,0.14106440544128418,4.534481048583984,179.50523932346536,140.09015144683832,-86.53337211081183
2.8332314491271973,0.14112472534179688,4.534477710723877,179.5100355889885,140.0943094774322,-86.52971789107755
2.8332736492156982,0.14116382598876953,4.534514904022217,179.5126533235367,140.08970900544043,-86.53262109015978
2.8332736492156982,0.14116382598876953,4.534514904022217,179.5126533235367,140.08970900544043,-86.53262109015978
2.833381175994873,0.14114093780517578,4.534481525421143,179.50745293496374,140.08939630771317,-86.52889647984942
2.8333420753479004,0.14110898971557617,4.5345563888549805,179.5176232004444,140.09255609058997,-86.54149520490317
2.8333420753479004,0.14110898971557617,4.5345563888549805,179.5176232004444,140.09255609058997,-86.54149520490317
2.833404779434204,0.1411757469177246,4.534517765045166,179.52326996566623,140.08127726218504,-86.54038420212676
2.8333940505981445,0.14099574089050293,4.534564971923828,179.53328432414207,140.0757817779245,-86.53868307699845
2.8333940505981445,0.14099574089050293,4.534564971923828,179.53328432414207,140.0757817779245,-86.53868307699845
2.833350896835327,0.14098286628723145,4.534612655639648,179.53258392644716,140.07879804209276,-86.539264923623
2.833421468734741,0.14113855361938477,4.534491539001465,179.52721961141722,140.06355571170857,-86.53348823146425
2.833421468734741,0.14113855361938477,4.534491539001465,179.52721961141722,140.06355571170857,-86.53348823146425
2.8333168029785156,0.14107036590576172,4.534543514251709,179.5337508703442,140.07384687473842,-86.53331981083494
2.833322525024414,0.14110708236694336,4.534491539001465,179.54411922009757,140.0745697818379,-86.55014035947637
2.833322525024414,0.14110708236694336,4.534491539001465,179.54411922009757,140.0745697818379,-86.55014035947637
2.8332953453063965,0.14109086990356445,4.534576416015625,179.53997921505493,140.0772213308069,-86.55202205137968
2.8334848880767822,0.14115500450134277,4.534639358520508,179.54228510788164,140.08364042937492,-86.56785317451059
2.833376884460449,0.1409924030303955,4.534562110900879,179.55452243832215,140.07391311338728,-86.56822654047679
2.833376884460449,0.1409924030303955,4.534562110900879,179.55452243832215,140.07391311338728,-86.56822654047679
2.8332719802856445,0.14118742942810059,4.534562587738037,179.569547632215,140.0678221314073,-86.57532617673739
2.8333609104156494,0.14102959632873535,4.534639835357666,179.56054463985586,140.07655819436658,-86.5744709235332
2.8333609104156494,0.14102959632873535,4.534639835357666,179.56054463985586,140.07655819436658,-86.5744709235332
2.8333702087402344,0.1410226821899414,4.534675598144531,179.5348226707805,140.07981515197483,-86.55041335816944
2.832520008087158,0.1407942771911621,4.53511905670166,179.95530979228715,140.08618559192934,-86.7221894461706
2.832520008087158,0.1407942771911621,4.53511905670166,179.95530979228715,140.08618559192934,-86.7221894461706
2.8329906463623047,0.14084315299987793,4.534948825836182,179.72645211267297,140.04772287893317,-86.65784047118464
2.832796096801758,0.14090800285339355,4.534811496734619,179.7868084106145,140.03869381888103,-86.69377070558598
2.832796096801758,0.14090800285339355,4.534811496734619,179.7868084106145,140.03869381888103,-86.69377070558598
2.833317279815674,0.14101409912109375,4.53466272354126,179.50518946979355,140.01965932262414,-86.55876385395239
2.833350658416748,0.14092803001403809,4.534641265869141,179.57724883614893,140.0317866510648,-86.58826915723311
2.833350658416748,0.14092803001403809,4.534641265869141,179.57724883614893,140.0317866510648,-86.58826915723311
2.8333749771118164,0.14092230796813965,4.534660339355469,179.58042443847512,140.03819788217203,-86.58408563242133
2.8333749771118164,0.14092230796813965,4.534660339355469,179.58042443847512,140.03819788217203,-86.58408563242133
2.8332903385162354,0.14082884788513184,4.534715175628662,179.5627069935409,140.04118158508462,-86.5794141773385
2.833406448364258,0.14104008674621582,4.534730911254883,179.54309822960536,140.05718271179094,-86.56790225734044
2.833406448364258,0.14104008674621582,4.534730911254883,179.54309822960536,140.05718271179094,-86.56790225734044
2.8333258628845215,0.1409921646118164,4.534634590148926,179.52808980187172,140.06612029765176,-86.54371858095344
2.833282470703125,0.14092373847961426,4.53473424911499,179.52774034352836,140.05783144728474,-86.54775471080124
2.833282470703125,0.14092373847961426,4.53473424911499,179.52774034352836,140.05783144728474,-86.54775471080124
2.833256244659424,0.1409604549407959,4.534756660461426,179.53558940916488,140.05432027292946,-86.55041723938893
2.833294153213501,0.1410672664642334,4.534709930419922,179.55052878263422,140.0595239244684,-86.56668987197945
2.833294153213501,0.1410672664642334,4.534709930419922,179.55052878263422,140.0595239244684,-86.56668987197945
2.8332695960998535,0.14095115661621094,4.534653663635254,179.5391615496017,140.05862434031323,-86.53690038814284
2.8333091735839844,0.1408543586730957,4.534716606140137,179.53663205567554,140.06239488023195,-86.54546606841896
2.8333091735839844,0.1408543586730957,4.534716606140137,179.53663205567554,140.06239488023195,-86.54546606841896
2.833414316177368,0.14096379280090332,4.534638404846191,179.53003319380656,140.06749902160982,-86.53459732839704
2.8333516120910645,0.14082908630371094,4.534764289855957,179.52926744346257,140.07596015067213,-86.54892296194141
2.8333516120910645,0.14082908630371094,4.534764289855957,179.52926744346257,140.07596015067213,-86.54892296194141
2.8333404064178467,0.14080810546875,4.5346903800964355,179.5363890187143,140.0803040358892,-86.55365641014899
2.833306312561035,0.14081215858459473,4.534707069396973,179.53738939301434,140.07643684962972,-86.5582020274484
2.833306312561035,0.14081215858459473,4.534707069396973,179.53738939301434,140.07643684962972,-86.5582020274484
2.833465099334717,0.14079570770263672,4.5347089767456055,179.5343812145161,140.07552905107704,-86.55813240947721
2.8333139419555664,0.14084959030151367,4.534750938415527,179.54373401158156,140.0653158973167,-86.5627076718854
2.8333139419555664,0.14084959030151367,4.534750938415527,179.54373401158156,140.0653158973167,-86.5627076718854
2.833453893661499,0.1408388614654541,4.5347371101379395,179.52416719076967,140.05822362665876,-86.55143656036022
2.833420753479004,0.14091229438781738,4.534755706787109,179.52362922143087,140.0667499202996,-86.54081234423677
2.833420753479004,0.14091229438781738,4.534755706787109,179.52362922143087,140.0667499202996,-86.54081234423677
2.833440065383911,0.14084959030151367,4.5347113609313965,179.53820145241926,140.06818649281954,-86.55280377350923
2.833315849304199,0.14072561264038086,4.5347089767456055,179.54536660137302,140.07229032110482,-86.55570400077131
2.833315849304199,0.14072561264038086,4.5347089767456055,179.54536660137302,140.07229032110482,-86.55570400077131
2.8334195613861084,0.14085865020751953,4.534748077392578,179.5468962828989,140.07462184657518,-86.55861818532117
2.8333749771118164,0.1407773494720459,4.534730911254883,179.56433347222392,140.07100713536065,-86.56275878303369
2.8333749771118164,0.1407773494720459,4.534730911254883,179.56433347222392,140.07100713536065,-86.56275878303369
2.8332629203796387,0.14080500602722168,4.534704685211182,179.56236790640344,140.05766216819032,-86.55567540953203
2.8333916664123535,0.14089393615722656,4.534707069396973,179.55555382263393,140.05192646483283,-86.56594553813198
2.8333916664123535,0.14089393615722656,4.534707069396973,179.55555382263393,140.05192646483283,-86.56594553813198
2.8333351612091064,0.14079713821411133,4.534832000732422,179.57186890527552,140.05731639676412,-86.57499050116591
2.833317279815674,0.14072966575622559,4.534780025482178,179.5496984370098,140.06522631615098,-86.56089595271659
2.833317279815674,0.14072966575622559,4.534780025482178,179.5496984370098,140.06522631615098,-86.56089595271659
2.833465337753296,0.1408703327178955,4.534818172454834,179.54294761709554,140.07227936150946,-86.55501591926672
2.8333263397216797,0.14070487022399902,4.534816741943359,179.550118913115,140.07331400695045,-86.56443014800561
