-809.36000000000001,75.23000000000000,-689.73000000000002
-809.35000000000002,75.23000000000000,-689.73000000000002
-809.32000000000005,75.23000000000000,-689.73000000000002
-809.26999999999998,75.23000000000000,-689.73000000000002
-809.17999999999995,75.23000000000000,-689.73000000000002
-809.08000000000004,75.22000000000000,-689.73000000000002
-808.95000000000005,75.22000000000000,-689.73000000000002
-808.79999999999995,75.20999999999999,-689.73000000000002
-808.63999999999999,75.20999999999999,-689.73000000000002
-808.46000000000004,75.20000000000000,-689.73000000000002
-808.25999999999999,75.19000000000000,-689.73000000000002
-808.04999999999995,75.19000000000000,-689.73000000000002
-807.83000000000004,75.18000000000001,-689.73000000000002
-807.61000000000001,75.17000000000000,-689.73000000000002
-807.38000000000000,75.16000000000000,-689.73000000000002
-807.14999999999998,75.15000000000001,-689.73000000000002
-806.90999999999997,75.14000000000000,-689.73000000000002
-806.66999999999996,75.13000000000000,-689.73000000000002
-806.39999999999998,75.12000000000000,-689.73000000000002
-806.09000000000003,75.11000000000000,-689.73000000000002
-805.74000000000001,75.09999999999999,-689.73000000000002
-805.33000000000004,75.08000000000000,-689.73000000000002
-804.85000000000002,75.06000000000000,-689.73000000000002
-804.27999999999997,75.04000000000001,-689.73000000000002
-803.61000000000001,75.02000000000000,-689.73000000000002
-802.82000000000005,74.98999999999999,-689.73000000000002
-801.91999999999996,74.95000000000000,-689.73000000000002
-800.88999999999999,74.91000000000000,-689.73000000000002
-799.75999999999999,74.87000000000000,-689.73000000000002
-798.50999999999999,74.81999999999999,-689.73000000000002
-797.16999999999996,74.77000000000000,-689.73000000000002
-795.74000000000001,74.72000000000000,-689.73000000000002
-794.17999999999995,74.66000000000000,-689.73000000000002
-792.48000000000002,74.59000000000000,-689.72000000000003
-790.60000000000002,74.52000000000000,-689.72000000000003
-788.50999999999999,74.44000000000000,-689.72000000000003
-786.20000000000005,74.34999999999999,-689.72000000000003
-783.70000000000005,74.26000000000001,-689.72000000000003
-781.08000000000004,74.15000000000001,-689.72000000000003
-778.36000000000001,74.05000000000000,-689.72000000000003
-775.62000000000000,73.94000000000000,-689.72000000000003
-772.86000000000001,73.84000000000000,-689.72000000000003
-770.05999999999995,73.73000000000000,-689.71000000000004
-767.14999999999998,73.62000000000000,-689.71000000000004
-764.05999999999995,73.50000000000000,-689.71000000000004
-760.72000000000003,73.37000000000000,-689.71000000000004
-757.10000000000002,73.23000000000000,-689.71000000000004
-753.24000000000001,73.08000000000000,-689.70000000000005
-749.17999999999995,72.93000000000001,-689.70000000000005
-745.00000000000000,72.76000000000001,-689.70000000000005
-740.75999999999999,72.59999999999999,-689.70000000000005
-736.49000000000001,72.44000000000000,-689.70000000000005
-732.19000000000005,72.27000000000000,-689.70000000000005
-727.82000000000005,72.09999999999999,-689.70000000000005
-723.37000000000000,71.93000000000001,-689.70000000000005
-718.79999999999995,71.75000000000000,-689.69000000000005
-714.10000000000002,71.56999999999999,-689.66999999999996
-709.25000000000000,71.38000000000000,-689.65999999999997
-704.25999999999999,71.19000000000000,-689.64999999999998
-699.13000000000000,70.98999999999999,-689.64999999999998
-693.86000000000001,70.78000000000000,-689.66999999999996
-688.45000000000005,70.56999999999999,-689.71000000000004
-682.90999999999997,70.34999999999999,-689.75000000000000
-677.25000000000000,70.13000000000000,-689.76999999999998
-671.45000000000005,69.91000000000000,-689.75000000000000
-665.53999999999996,69.68000000000001,-689.65999999999997
-659.51999999999998,69.45999999999999,-689.49000000000001
-653.41999999999996,69.23000000000000,-689.24000000000001
-647.28999999999996,68.98999999999999,-688.90999999999997
-641.15999999999997,68.75000000000000,-688.50000000000000
-635.07000000000005,68.48000000000000,-688.03999999999996
-629.04999999999995,68.20000000000000,-687.50000000000000
-623.05999999999995,67.91000000000000,-686.91999999999996
-617.01999999999998,67.59999999999999,-686.29999999999995
-610.88000000000000,67.28000000000000,-685.65999999999997
-604.58000000000004,66.95000000000000,-685.00000000000000
-598.05999999999995,66.61000000000000,-684.34000000000003
-591.36000000000001,66.27000000000000,-683.66999999999996
-584.51999999999998,65.93000000000001,-682.99000000000001
-577.57000000000005,65.59000000000000,-682.28999999999996
-570.57000000000005,65.23999999999999,-681.57000000000005
-563.51999999999998,64.89000000000000,-680.83000000000004
-556.38999999999999,64.53000000000000,-680.05999999999995
-549.09000000000003,64.16000000000000,-679.30999999999995
-541.55999999999995,63.78000000000000,-678.57000000000005
-533.72000000000003,63.39000000000000,-677.86000000000001
-525.52999999999997,62.98000000000000,-677.20000000000005
-517.08000000000004,62.55000000000000,-676.60000000000002
-508.49000000000001,62.12000000000000,-676.07000000000005
-499.88000000000000,61.69000000000000,-675.59000000000003
-491.38000000000000,61.27000000000000,-675.19000000000005
-483.08999999999997,60.85000000000000,-674.86000000000001
-475.00000000000000,60.45000000000000,-674.59000000000003
-467.13000000000000,60.06000000000000,-674.36000000000001
-459.44999999999999,59.67000000000000,-674.15999999999997
-451.95999999999998,59.30000000000000,-673.97000000000003
-444.63999999999999,58.94000000000000,-673.75999999999999
-437.52999999999997,58.58000000000000,-673.54999999999995
-430.63000000000000,58.24000000000000,-673.34000000000003
-423.95999999999998,57.90000000000000,-673.13999999999999
-417.54000000000002,57.58000000000000,-672.94000000000005
-411.38999999999999,57.28000000000000,-672.75000000000000
-405.52999999999997,56.99000000000000,-672.58000000000004
-399.95999999999998,56.71000000000000,-672.41999999999996
-394.70999999999998,56.45000000000000,-672.25999999999999
-389.77999999999997,56.20000000000000,-672.12000000000000
-385.19000000000000,55.97000000000000,-671.99000000000001
-380.89999999999998,55.76000000000000,-671.86000000000001
-376.89999999999998,55.56000000000000,-671.72000000000003
-373.14999999999998,55.37000000000000,-671.57000000000005
-369.63000000000000,55.20000000000000,-671.38000000000000
-366.30000000000001,55.03000000000000,-671.14999999999998
-363.14999999999998,54.87000000000000,-670.89999999999998
-360.17000000000002,54.72000000000000,-670.63999999999999
-357.33999999999997,54.58000000000000,-670.37000000000000
-354.67000000000002,54.45000000000000,-670.11000000000001
-352.12000000000000,54.32000000000000,-669.88000000000000
-349.67000000000002,54.20000000000000,-669.66999999999996
-347.29000000000002,54.08000000000000,-669.46000000000004
-344.93000000000001,53.96000000000000,-669.26999999999998
-342.56999999999999,53.84000000000000,-669.07000000000005
-340.17000000000002,53.72000000000000,-668.86000000000001
-337.75999999999999,53.60000000000000,-668.65999999999997
-335.36000000000001,53.48000000000000,-668.45000000000005
-332.99000000000001,53.36000000000000,-668.24000000000001
-330.69999999999999,53.25000000000000,-668.03999999999996
-328.48000000000002,53.14000000000000,-667.85000000000002
-326.31999999999999,53.03000000000000,-667.65999999999997
-324.14999999999998,52.92000000000000,-667.47000000000003
-321.94000000000000,52.81000000000000,-667.27999999999997
-319.63999999999999,52.70000000000000,-667.08000000000004
-317.20999999999998,52.58000000000000,-666.87000000000000
-314.63999999999999,52.45000000000000,-666.64999999999998
-311.93000000000001,52.31000000000000,-666.40999999999997
-309.08999999999997,52.17000000000000,-666.16999999999996
-306.10000000000002,52.02000000000000,-665.90999999999997
-302.98000000000002,51.87000000000000,-665.63999999999999
-299.75000000000000,51.70000000000000,-665.36000000000001
-296.42000000000002,51.54000000000000,-665.07000000000005
-293.01999999999998,51.37000000000000,-664.77999999999997
-289.57999999999998,51.20000000000000,-664.48000000000002
-286.10000000000002,51.02000000000000,-664.17999999999995
-282.51999999999998,50.84000000000000,-663.87000000000000
-278.79000000000002,50.66000000000000,-663.54999999999995
-274.81999999999999,50.46000000000000,-663.20000000000005
-270.55000000000001,50.25000000000000,-662.83000000000004
-265.94999999999999,50.02000000000000,-662.42999999999995
-261.13000000000000,49.78000000000000,-662.01999999999998
-256.24000000000001,49.53000000000000,-661.59000000000003
-251.44000000000000,49.29000000000000,-661.17999999999995
-246.87000000000000,49.07000000000000,-660.77999999999997
-242.66000000000000,48.86000000000000,-660.41999999999996
-238.78000000000000,48.66000000000000,-660.08000000000004
-235.16999999999999,48.48000000000000,-659.76999999999998
-231.77000000000001,48.31000000000000,-659.48000000000002
-228.53999999999999,48.15000000000000,-659.20000000000005
-225.41000000000000,48.00000000000000,-658.92999999999995
-222.41999999999999,47.85000000000000,-658.66999999999996
-219.59000000000000,47.71000000000000,-658.41999999999996
-216.94000000000000,47.57000000000000,-658.19000000000005
-214.50000000000000,47.45000000000000,-657.98000000000002
-212.30000000000001,47.34000000000000,-657.78999999999996
-210.28999999999999,47.24000000000000,-657.62000000000000
-208.40000000000001,47.15000000000000,-657.45000000000005
-206.59000000000000,47.06000000000000,-657.29999999999995
-204.80000000000001,46.97000000000000,-657.13999999999999
-202.97999999999999,46.88000000000000,-656.98000000000002
-201.13000000000000,46.79000000000000,-656.83000000000004
-199.27000000000001,46.69000000000000,-656.65999999999997
-197.38999999999999,46.60000000000000,-656.50000000000000
-195.52000000000001,46.51000000000000,-656.34000000000003
-193.65000000000001,46.41000000000000,-656.16999999999996
-191.80000000000001,46.32000000000000,-656.00999999999999
-189.94000000000000,46.23000000000000,-655.85000000000002
-188.09000000000000,46.14000000000000,-655.69000000000005
-186.24000000000001,46.04000000000000,-655.52999999999997
-184.38000000000000,45.95000000000000,-655.38000000000000
-182.47999999999999,45.86000000000000,-655.22000000000003
-180.53000000000000,45.76000000000000,-655.04999999999995
-178.47999999999999,45.66000000000000,-654.87000000000000
-176.31999999999999,45.55000000000000,-654.66999999999996
-174.00999999999999,45.43000000000000,-654.46000000000004
-171.55000000000001,45.31000000000000,-654.22000000000003
-168.94000000000000,45.18000000000000,-653.99000000000001
-166.19000000000000,45.05000000000000,-653.75999999999999
-163.28999999999999,44.90000000000000,-653.54999999999995
-160.25999999999999,44.75000000000000,-653.36000000000001
-157.09000000000000,44.59000000000000,-653.20000000000005
-153.81999999999999,44.43000000000000,-653.04999999999995
-150.44999999999999,44.26000000000000,-652.91999999999996
-147.00999999999999,44.09000000000000,-652.80999999999995
-143.50000000000000,43.92000000000000,-652.70000000000005
-139.91000000000000,43.74000000000000,-652.60000000000002
-136.21000000000001,43.56000000000000,-652.49000000000001
-132.37000000000000,43.37000000000000,-652.38000000000000
-128.38000000000000,43.17000000000000,-652.24000000000001
-124.20999999999999,42.96000000000000,-652.09000000000003
-119.84999999999999,42.75000000000000,-651.89999999999998
-115.31999999999999,42.52000000000000,-651.69000000000005
-110.61000000000000,42.29000000000000,-651.45000000000005
-105.70999999999999,42.05000000000000,-651.15999999999997
-100.65000000000001,41.80000000000000,-650.85000000000002
-95.45999999999999,41.54000000000000,-650.50000000000000
-90.19000000000000,41.28000000000000,-650.13000000000000
-84.91000000000000,41.02000000000000,-649.75999999999999
-79.65000000000001,40.75000000000000,-649.38000000000000
-74.45000000000000,40.50000000000000,-649.01999999999998
-69.22000000000000,40.24000000000000,-648.65999999999997
-63.86000000000000,39.97000000000000,-648.29999999999995
-58.24000000000000,39.69000000000000,-647.90999999999997
-52.28000000000000,39.40000000000000,-647.50999999999999
-45.90000000000000,39.08000000000000,-647.07000000000005
-39.25000000000000,38.75000000000000,-646.62000000000000
-32.55000000000000,38.42000000000000,-646.15999999999997
-26.00000000000000,38.10000000000000,-645.71000000000004
-19.79000000000000,37.79000000000000,-645.27999999999997
-14.07000000000000,37.51000000000000,-644.88999999999999
-8.63000000000000,37.24000000000000,-644.51999999999998
-3.24000000000000,36.97000000000000,-644.14999999999998
2.39000000000000,36.69000000000000,-643.76999999999998
8.50000000000000,36.39000000000000,-643.35000000000002
15.27000000000000,36.06000000000000,-642.88000000000000
22.60000000000000,35.70000000000000,-642.38000000000000
30.26000000000000,35.32000000000000,-641.86000000000001
38.08000000000000,34.93000000000000,-641.32000000000005
45.83000000000000,34.55000000000000,-640.78999999999996
53.39000000000000,34.18000000000000,-640.26999999999998
60.77000000000000,33.81000000000000,-639.76999999999998
68.09000000000000,33.45000000000000,-639.26999999999998
75.41000000000000,33.09000000000000,-638.76999999999998
82.84000000000000,32.73000000000000,-638.25999999999999
90.44000000000000,32.35000000000000,-637.74000000000001
98.19000000000000,31.97000000000000,-637.21000000000004
106.06999999999999,31.59000000000000,-636.66999999999996
114.04000000000001,31.20000000000000,-636.12000000000000
122.06000000000000,30.80000000000000,-635.57000000000005
130.09999999999999,30.41000000000000,-635.01999999999998
138.15000000000001,30.01000000000000,-634.47000000000003
146.19000000000000,29.62000000000000,-633.91999999999996
154.22000000000000,29.23000000000000,-633.37000000000000
162.22000000000000,28.84000000000000,-632.83000000000004
170.19999999999999,28.45000000000000,-632.27999999999997
178.24000000000001,28.05000000000000,-631.73000000000002
186.43000000000001,27.65000000000000,-631.16999999999996
194.88000000000000,27.24000000000000,-630.59000000000003
203.68000000000001,26.82000000000000,-629.99000000000001
212.88999999999999,26.37000000000000,-629.36000000000001
222.34000000000000,25.91000000000000,-628.71000000000004
231.86000000000001,25.45000000000000,-628.05999999999995
241.25000000000000,24.99000000000000,-627.41999999999996
250.31000000000000,24.56000000000000,-626.79999999999995
258.92000000000002,24.14000000000000,-626.21000000000004
267.29000000000002,23.74000000000000,-625.63999999999999
275.67000000000002,23.34000000000000,-625.07000000000005
284.32999999999998,22.93000000000000,-624.48000000000002
293.55000000000001,22.48000000000000,-623.85000000000002
303.50000000000000,22.01000000000000,-623.16999999999996
313.95999999999998,21.51000000000000,-622.45000000000005
324.64999999999998,21.00000000000000,-621.72000000000003
335.25000000000000,20.51000000000000,-621.00000000000000
345.47000000000003,20.05000000000000,-620.29999999999995
355.11000000000001,19.64000000000000,-619.63999999999999
364.29000000000002,19.26000000000000,-619.01999999999998
373.25999999999999,18.89000000000000,-618.39999999999998
382.25000000000000,18.52000000000000,-617.78999999999996
391.50000000000000,18.13000000000000,-617.14999999999998
401.17000000000002,17.70000000000000,-616.49000000000001
411.18000000000001,17.24000000000000,-615.82000000000005
421.38999999999999,16.76000000000000,-615.15999999999997
431.63999999999999,16.28000000000000,-614.53999999999996
441.79000000000002,15.80000000000000,-613.98000000000002
451.72000000000003,15.33000000000000,-613.50999999999999
461.44999999999999,14.87000000000000,-613.11000000000001
471.00999999999999,14.43000000000000,-612.75999999999999
480.44999999999999,13.99000000000000,-612.45000000000005
489.81000000000000,13.55000000000000,-612.14999999999998
499.13000000000000,13.12000000000000,-611.85000000000002
508.39999999999998,12.68000000000000,-611.54999999999995
517.63000000000000,12.25000000000000,-611.25000000000000
526.82000000000005,11.82000000000000,-610.96000000000004
535.94000000000005,11.39000000000000,-610.65999999999997
545.00000000000000,10.97000000000000,-610.37000000000000
553.86000000000001,10.55000000000000,-610.09000000000003
562.41999999999996,10.15000000000000,-609.83000000000004
570.53999999999996,9.77000000000000,-609.58000000000004
578.10000000000002,9.42000000000000,-609.34000000000003
585.00000000000000,9.09000000000000,-609.13000000000000
591.30999999999995,8.80000000000000,-608.94000000000005
597.13000000000000,8.52000000000000,-608.76999999999998
602.57000000000005,8.27000000000000,-608.61000000000001
607.73000000000002,8.03000000000000,-608.47000000000003
612.69000000000005,7.80000000000000,-608.34000000000003
617.47000000000003,7.57000000000000,-608.21000000000004
622.07000000000005,7.36000000000000,-608.09000000000003
626.48000000000002,7.15000000000000,-607.97000000000003
630.70000000000005,6.95000000000000,-607.84000000000003
634.73000000000002,6.77000000000000,-607.70000000000005
638.57000000000005,6.59000000000000,-607.53999999999996
642.22000000000003,6.42000000000000,-607.38000000000000
645.64999999999998,6.26000000000000,-607.19000000000005
648.88000000000000,6.11000000000000,-606.98000000000002
651.90999999999997,5.96000000000000,-606.75999999999999
654.77999999999997,5.83000000000000,-606.51999999999998
657.57000000000005,5.70000000000000,-606.27999999999997
660.32000000000005,5.57000000000000,-606.03999999999996
663.09000000000003,5.44000000000000,-605.82000000000005
665.94000000000005,5.31000000000000,-605.63000000000000
668.84000000000003,5.17000000000000,-605.46000000000004
671.75999999999999,5.04000000000000,-605.30999999999995
674.64999999999998,4.90000000000000,-605.15999999999997
677.48000000000002,4.77000000000000,-605.01999999999998
680.23000000000002,4.64000000000000,-604.88000000000000
682.95000000000005,4.51000000000000,-604.74000000000001
685.72000000000003,4.39000000000000,-604.59000000000003
688.59000000000003,4.25000000000000,-604.44000000000005
691.63999999999999,4.11000000000000,-604.27999999999997
694.90999999999997,3.96000000000000,-604.10000000000002
698.38000000000000,3.80000000000000,-603.91999999999996
702.02999999999997,3.63000000000000,-603.73000000000002
705.79999999999995,3.46000000000000,-603.52999999999997
709.65999999999997,3.28000000000000,-603.33000000000004
713.59000000000003,3.09000000000000,-603.12000000000000
717.58000000000004,2.91000000000000,-602.90999999999997
721.65999999999997,2.72000000000000,-602.69000000000005
725.83000000000004,2.52000000000000,-602.47000000000003
730.11000000000001,2.33000000000000,-602.25000000000000
734.50999999999999,2.14000000000000,-602.01999999999998
739.02999999999997,1.94000000000000,-601.77999999999997
743.66999999999996,1.73000000000000,-601.52999999999997
748.41999999999996,1.51000000000000,-601.27999999999997
753.27999999999997,1.27000000000000,-601.02999999999997
758.24000000000001,1.02000000000000,-600.75999999999999
763.26999999999998,0.77000000000000,-600.50000000000000
768.34000000000003,0.53000000000000,-600.23000000000002
773.39999999999998,0.32000000000000,-599.97000000000003
778.42999999999995,0.17000000000000,-599.70000000000005
783.38000000000000,0.09000000000000,-599.44000000000005
788.21000000000004,0.05000000000000,-599.17999999999995
792.85000000000002,0.06000000000000,-598.94000000000005
797.24000000000001,0.08000000000000,-598.71000000000004
801.34000000000003,0.11000000000000,-598.49000000000001
805.09000000000003,0.12000000000000,-598.29999999999995
808.52999999999997,0.12000000000000,-598.12000000000000
811.66999999999996,0.12000000000000,-597.95000000000005
814.54999999999995,0.11000000000000,-597.77999999999997
817.21000000000004,0.10000000000000,-597.61000000000001
819.66999999999996,0.10000000000000,-597.44000000000005
821.96000000000004,0.09000000000000,-597.24000000000001
824.09000000000003,0.09000000000000,-597.00999999999999
826.08000000000004,0.09000000000000,-596.72000000000003
827.95000000000005,0.09000000000000,-596.37000000000000
829.70000000000005,0.09000000000000,-595.94000000000005
831.37000000000000,0.09000000000000,-595.44000000000005
832.95000000000005,0.09000000000000,-594.88000000000000
834.46000000000004,0.09000000000000,-594.28999999999996
835.92999999999995,0.09000000000000,-593.67999999999995
837.35000000000002,0.08000000000000,-593.04999999999995
838.74000000000001,0.08000000000000,-592.40999999999997
840.12000000000000,0.08000000000000,-591.75999999999999
841.49000000000001,0.08000000000000,-591.08000000000004
842.85000000000002,0.08000000000000,-590.38999999999999
844.22000000000003,0.08000000000000,-589.65999999999997
845.60000000000002,0.08000000000000,-588.87000000000000
846.98000000000002,0.08000000000000,-587.99000000000001
848.37000000000000,0.08000000000000,-587.00000000000000
849.75999999999999,0.08000000000000,-585.85000000000002
851.14999999999998,0.08000000000000,-584.52999999999997
852.52999999999997,0.08000000000000,-583.04999999999995
853.88000000000000,0.08000000000000,-581.45000000000005
855.21000000000004,0.08000000000000,-579.74000000000001
856.49000000000001,0.08000000000000,-577.95000000000005
857.72000000000003,0.08000000000000,-576.10000000000002
858.88999999999999,0.08000000000000,-574.15999999999997
859.98000000000002,0.08000000000000,-572.11000000000001
860.98000000000002,0.08000000000000,-569.90999999999997
861.88999999999999,0.08000000000000,-567.52999999999997
862.70000000000005,0.08000000000000,-564.94000000000005
863.40999999999997,0.08000000000000,-562.16999999999996
864.04999999999995,0.08000000000000,-559.22000000000003
864.62000000000000,0.08000000000000,-556.13000000000000
865.14999999999998,0.08000000000000,-552.91999999999996
865.64999999999998,0.08000000000000,-549.60000000000002
866.11000000000001,0.08000000000000,-546.16999999999996
866.50999999999999,0.08000000000000,-542.62000000000000
866.83000000000004,0.08000000000000,-538.92999999999995
867.05999999999995,0.08000000000000,-535.11000000000001
867.17999999999995,0.08000000000000,-531.13999999999999
867.20000000000005,0.08000000000000,-527.01999999999998
867.13000000000000,0.08000000000000,-522.75999999999999
866.96000000000004,0.08000000000000,-518.36000000000001
866.70000000000005,0.08000000000000,-513.83000000000004
866.36000000000001,0.08000000000000,-509.18000000000001
865.91999999999996,0.08000000000000,-504.42000000000002
865.37000000000000,0.08000000000000,-499.57999999999998
864.71000000000004,0.08000000000000,-494.68000000000001
863.91999999999996,0.08000000000000,-489.75000000000000
863.00000000000000,0.08000000000000,-484.80000000000001
861.99000000000001,0.08000000000000,-479.85000000000002
860.97000000000003,0.08000000000000,-474.89999999999998
860.00000000000000,0.08000000000000,-469.94000000000000
859.13999999999999,0.08000000000000,-464.98000000000002
858.42999999999995,0.08000000000000,-460.00999999999999
857.87000000000000,0.08000000000000,-454.95999999999998
857.39999999999998,0.08000000000000,-449.75999999999999
857.00999999999999,0.08000000000000,-444.31999999999999
856.64999999999998,0.08000000000000,-438.56000000000000
856.29999999999995,0.08000000000000,-432.44000000000000
855.88000000000000,0.08000000000000,-426.04000000000002
855.34000000000003,0.08000000000000,-419.50999999999999
854.61000000000001,0.08000000000000,-412.95999999999998
853.63999999999999,0.08000000000000,-406.50999999999999
852.36000000000001,0.08000000000000,-400.29000000000002
850.84000000000003,0.08000000000000,-394.32999999999998
849.13999999999999,0.08000000000000,-388.66000000000003
847.32000000000005,0.08000000000000,-383.31000000000000
845.44000000000005,0.08000000000000,-378.29000000000002
843.55999999999995,0.08000000000000,-373.63999999999999
841.71000000000004,0.08000000000000,-369.35000000000002
839.90999999999997,0.08000000000000,-365.42000000000002
838.16999999999996,0.08000000000000,-361.82999999999998
836.50999999999999,0.08000000000000,-358.57999999999998
834.94000000000005,0.08000000000000,-355.64999999999998
833.47000000000003,0.08000000000000,-353.00999999999999
832.08000000000004,0.08000000000000,-350.58999999999997
830.76999999999998,0.08000000000000,-348.36000000000001
829.53999999999996,0.08000000000000,-346.25000000000000
828.37000000000000,0.08000000000000,-344.23000000000002
827.25999999999999,0.08000000000000,-342.27999999999997
826.21000000000004,0.08000000000000,-340.43000000000001
825.22000000000003,0.08000000000000,-338.66000000000003
824.27999999999997,0.08000000000000,-336.99000000000001
823.38999999999999,0.08000000000000,-335.41000000000003
822.53999999999996,0.08000000000000,-333.88999999999999
821.72000000000003,0.08000000000000,-332.41000000000003
820.91999999999996,0.08000000000000,-330.92000000000002
820.13999999999999,0.08000000000000,-329.39999999999998
819.36000000000001,0.08000000000000,-327.81999999999999
818.59000000000003,0.08000000000000,-326.19000000000000
817.84000000000003,0.08000000000000,-324.52999999999997
817.10000000000002,0.08000000000000,-322.86000000000001
816.38000000000000,0.08000000000000,-321.20999999999998
815.67999999999995,0.08000000000000,-319.56999999999999
814.99000000000001,0.08000000000000,-317.92000000000002
814.27999999999997,0.08000000000000,-316.19999999999999
813.55999999999995,0.08000000000000,-314.37000000000000
812.78999999999996,0.08000000000000,-312.37000000000000
811.97000000000003,0.08000000000000,-310.18000000000001
811.11000000000001,0.08000000000000,-307.77999999999997
810.21000000000004,0.08000000000000,-305.20999999999998
809.29999999999995,0.08000000000000,-302.48000000000002
808.37000000000000,0.08000000000000,-299.61000000000001
807.45000000000005,0.08000000000000,-296.62000000000000
806.53999999999996,0.08000000000000,-293.51999999999998
805.63999999999999,0.08000000000000,-290.32999999999998
804.76999999999998,0.08000000000000,-287.07999999999998
803.91999999999996,0.08000000000000,-283.77999999999997
803.10000000000002,0.08000000000000,-280.44000000000000
802.29999999999995,0.08000000000000,-277.04000000000002
801.50000000000000,0.08000000000000,-273.54000000000002
800.70000000000005,0.08000000000000,-269.91000000000003
799.87000000000000,0.08000000000000,-266.10000000000002
799.00999999999999,0.08000000000000,-262.10000000000002
798.12000000000000,0.08000000000000,-257.92000000000002
797.23000000000002,0.08000000000000,-253.59999999999999
796.34000000000003,0.08000000000000,-249.16999999999999
795.47000000000003,0.08000000000000,-244.65000000000001
794.63000000000000,0.08000000000000,-240.06999999999999
793.83000000000004,0.08000000000000,-235.41000000000000
793.04999999999995,0.08000000000000,-230.68000000000001
792.28999999999996,0.08000000000000,-225.84000000000000
791.55999999999995,0.08000000000000,-220.88000000000000
790.85000000000002,0.08000000000000,-215.78000000000000
790.14999999999998,0.08000000000000,-210.56999999999999
789.46000000000004,0.08000000000000,-205.24000000000001
788.76999999999998,0.08000000000000,-199.81999999999999
788.05999999999995,0.08000000000000,-194.31000000000000
787.35000000000002,0.08000000000000,-188.72999999999999
786.61000000000001,0.08000000000000,-183.06999999999999
785.86000000000001,0.08000000000000,-177.31000000000000
785.08000000000004,0.08000000000000,-171.44000000000000
784.26999999999998,0.08000000000000,-165.44999999999999
783.45000000000005,0.08000000000000,-159.34000000000000
782.61000000000001,0.08000000000000,-153.13000000000000
781.77999999999997,0.08000000000000,-146.88999999999999
780.97000000000003,0.08000000000000,-140.66000000000000
780.21000000000004,0.08000000000000,-134.49000000000001
779.50000000000000,0.08000000000000,-128.41000000000000
778.85000000000002,0.08000000000000,-122.34000000000000
778.23000000000002,0.08000000000000,-116.22000000000000
777.64999999999998,0.08000000000000,-109.95999999999999
777.08000000000004,0.08000000000000,-103.45999999999999
776.51999999999998,0.08000000000000,-96.68000000000001
775.96000000000004,0.08000000000000,-89.65000000000001
775.40999999999997,0.08000000000000,-82.47000000000000
774.86000000000001,0.08000000000000,-75.18000000000001
774.29999999999995,0.08000000000000,-67.89000000000000
773.75000000000000,0.08000000000000,-60.63000000000000
773.20000000000005,0.08000000000000,-53.40000000000000
772.63999999999999,0.08000000000000,-46.19000000000000
772.08000000000004,0.08000000000000,-38.95000000000000
771.50999999999999,0.08000000000000,-31.68000000000000
770.94000000000005,0.08000000000000,-24.34000000000000
770.37000000000000,0.08000000000000,-16.91000000000000
769.78999999999996,0.08000000000000,-9.35000000000000
769.19000000000005,0.08000000000000,-1.63000000000000
768.58000000000004,0.08000000000000,6.29000000000000
767.96000000000004,0.08000000000000,14.41000000000000
767.32000000000005,0.08000000000000,22.65000000000000
766.69000000000005,0.08000000000000,30.87000000000000
766.05999999999995,0.08000000000000,38.97000000000000
765.46000000000004,0.08000000000000,46.82000000000000
764.88000000000000,0.08000000000000,54.33000000000000
764.34000000000003,0.08000000000000,61.49000000000000
763.82000000000005,0.08000000000000,68.30000000000000
763.32000000000005,0.08000000000000,74.76000000000001
762.83000000000004,0.08000000000000,80.89000000000000
762.36000000000001,0.08000000000000,86.70000000000000
761.91999999999996,0.08000000000000,92.19000000000000
761.50999999999999,0.08000000000000,97.39000000000000
761.13999999999999,0.08000000000000,102.30000000000000
760.82000000000005,0.08000000000000,106.95000000000000
760.55999999999995,0.08000000000000,111.34999999999999
760.36000000000001,0.08000000000000,115.48000000000000
760.23000000000002,0.08000000000000,119.34999999999999
760.15999999999997,0.08000000000000,122.95999999999999
760.15999999999997,0.08000000000000,126.28000000000000
760.24000000000001,0.08000000000000,129.33000000000001
760.36000000000001,0.08000000000000,132.13999999999999
760.51999999999998,0.08000000000000,134.74000000000001
760.69000000000005,0.08000000000000,137.16999999999999
760.85000000000002,0.08000000000000,139.47999999999999
760.99000000000001,0.08000000000000,141.69000000000000
761.11000000000001,0.08000000000000,143.81999999999999
761.21000000000004,0.08000000000000,145.88000000000000
761.28999999999996,0.08000000000000,147.87000000000000
761.37000000000000,0.08000000000000,149.81000000000000
761.42999999999995,0.08000000000000,151.72000000000000
761.49000000000001,0.08000000000000,153.59000000000000
761.53999999999996,0.08000000000000,155.44999999999999
761.58000000000004,0.08000000000000,157.30000000000001
761.60000000000002,0.08000000000000,159.16999999999999
761.60000000000002,0.08000000000000,161.06000000000000
761.60000000000002,0.08000000000000,162.97999999999999
761.58000000000004,0.08000000000000,164.93000000000001
761.54999999999995,0.08000000000000,166.91999999999999
761.51999999999998,0.08000000000000,168.94000000000000
761.49000000000001,0.08000000000000,171.00000000000000
761.45000000000005,0.08000000000000,173.13000000000000
761.41999999999996,0.08000000000000,175.34000000000000
761.38000000000000,0.08000000000000,177.66999999999999
761.34000000000003,0.08000000000000,180.13000000000000
761.29999999999995,0.08000000000000,182.75999999999999
761.25000000000000,0.08000000000000,185.53000000000000
761.20000000000005,0.08000000000000,188.43000000000001
761.14999999999998,0.08000000000000,191.44999999999999
761.10000000000002,0.08000000000000,194.56999999999999
761.04999999999995,0.08000000000000,197.78000000000000
761.00000000000000,0.08000000000000,201.08000000000001
760.94000000000005,0.08000000000000,204.47999999999999
760.88999999999999,0.08000000000000,207.99000000000001
760.83000000000004,0.08000000000000,211.59999999999999
760.76999999999998,0.08000000000000,215.33000000000001
760.71000000000004,0.08000000000000,219.11000000000001
760.63999999999999,0.08000000000000,222.90000000000001
760.58000000000004,0.08000000000000,226.63000000000000
760.51999999999998,0.08000000000000,230.25000000000000
760.47000000000003,0.08000000000000,233.72000000000000
760.40999999999997,0.08000000000000,237.00000000000000
760.36000000000001,0.08000000000000,240.08000000000001
760.32000000000005,0.08000000000000,242.96000000000001
760.26999999999998,0.08000000000000,245.62000000000000
760.24000000000001,0.08000000000000,248.06000000000000
760.20000000000005,0.08000000000000,250.28999999999999
760.16999999999996,0.08000000000000,252.37000000000000
760.13000000000000,0.08000000000000,254.31000000000000
760.10000000000002,0.08000000000000,256.16000000000003
760.07000000000005,0.08000000000000,257.94000000000000
760.04999999999995,0.08000000000000,259.66000000000003
760.01999999999998,0.08000000000000,261.32999999999998
759.99000000000001,0.08000000000000,262.94999999999999
759.97000000000003,0.08000000000000,264.50999999999999
759.94000000000005,0.08000000000000,266.01999999999998
759.91999999999996,0.08000000000000,267.50999999999999
759.88999999999999,0.08000000000000,268.97000000000003
759.87000000000000,0.08000000000000,270.44000000000000
759.85000000000002,0.08000000000000,271.92000000000002
759.82000000000005,0.08000000000000,273.43000000000001
759.79999999999995,0.08000000000000,275.00000000000000
759.76999999999998,0.08000000000000,276.63000000000000
759.74000000000001,0.08000000000000,278.35000000000002
759.71000000000004,0.08000000000000,280.18000000000001
759.67999999999995,0.08000000000000,282.11000000000001
759.64999999999998,0.08000000000000,284.13999999999999
759.61000000000001,0.08000000000000,286.23000000000002
759.58000000000004,0.08000000000000,288.35000000000002
759.53999999999996,0.08000000000000,290.47000000000003
759.50999999999999,0.08000000000000,292.57999999999998
759.48000000000002,0.08000000000000,294.72000000000003
759.44000000000005,0.08000000000000,296.93000000000001
759.39999999999998,0.08000000000000,299.27999999999997
759.36000000000001,0.08000000000000,301.81000000000000
759.32000000000005,0.08000000000000,304.56000000000000
759.26999999999998,0.08000000000000,307.51999999999998
759.22000000000003,0.08000000000000,310.64999999999998
759.15999999999997,0.08000000000000,313.91000000000003
759.11000000000001,0.08000000000000,317.26999999999998
759.04999999999995,0.08000000000000,320.72000000000003
759.00000000000000,0.08000000000000,324.26999999999998
758.94000000000005,0.08000000000000,327.99000000000001
758.87000000000000,0.08000000000000,331.89999999999998
758.79999999999995,0.08000000000000,336.05000000000001
758.73000000000002,0.08000000000000,340.44999999999999
758.65999999999997,0.08000000000000,345.00000000000000
758.59000000000003,0.08000000000000,349.55000000000001
758.50999999999999,0.08000000000000,353.97000000000003
758.45000000000005,0.08000000000000,358.11000000000001
758.38999999999999,0.08000000000000,361.87000000000000
758.33000000000004,0.08000000000000,365.29000000000002
758.27999999999997,0.08000000000000,368.44000000000000
758.23000000000002,0.08000000000000,371.39999999999998
758.17999999999995,0.08000000000000,374.24000000000001
758.13999999999999,0.08000000000000,377.01999999999998
758.09000000000003,0.08000000000000,379.73000000000002
758.03999999999996,0.08000000000000,382.33999999999997
757.99000000000001,0.08000000000000,384.82999999999998
757.92999999999995,0.08000000000000,387.17000000000002
757.86000000000001,0.08000000000000,389.33999999999997
757.78999999999996,0.08000000000000,391.38999999999999
757.71000000000004,0.08000000000000,393.33999999999997
757.63000000000000,0.08000000000000,395.25999999999999
757.55999999999995,0.08000000000000,397.17000000000002
757.48000000000002,0.08000000000000,399.11000000000001
757.40999999999997,0.08000000000000,401.06999999999999
757.34000000000003,0.08000000000000,403.02999999999997
757.26999999999998,0.08000000000000,404.94999999999999
757.20000000000005,0.08000000000000,406.81999999999999
757.13000000000000,0.08000000000000,408.62000000000000
757.07000000000005,0.08000000000000,410.38999999999999
757.00000000000000,0.08000000000000,412.19000000000000
756.92999999999995,0.08000000000000,414.06999999999999
756.86000000000001,0.08000000000000,416.08999999999997
756.77999999999997,0.08000000000000,418.29000000000002
756.69000000000005,0.08000000000000,420.63000000000000
756.60000000000002,0.08000000000000,423.08999999999997
756.50000000000000,0.08000000000000,425.61000000000001
756.40999999999997,0.08000000000000,428.14999999999998
756.32000000000005,0.08000000000000,430.69000000000000
756.22000000000003,0.08000000000000,433.26999999999998
756.12000000000000,0.08000000000000,435.94999999999999
756.01999999999998,0.08000000000000,438.77999999999997
755.89999999999998,0.08000000000000,441.82999999999998
755.77999999999997,0.08000000000000,445.13999999999999
755.64999999999998,0.08000000000000,448.67000000000002
755.50999999999999,0.08000000000000,452.38999999999999
755.37000000000000,0.08000000000000,456.23000000000002
755.23000000000002,0.08000000000000,460.16000000000003
755.08000000000004,0.08000000000000,464.13999999999999
754.92999999999995,0.08000000000000,468.19000000000000
754.77999999999997,0.08000000000000,472.32999999999998
754.62000000000000,0.08000000000000,476.58999999999997
754.46000000000004,0.08000000000000,481.00999999999999
754.28999999999996,0.08000000000000,485.57999999999998
754.11000000000001,0.08000000000000,490.25999999999999
753.94000000000005,0.08000000000000,494.97000000000003
753.76999999999998,0.08000000000000,499.62000000000000
753.60000000000002,0.08000000000000,504.13999999999999
753.44000000000005,0.08000000000000,508.44999999999999
753.28999999999996,0.08000000000000,512.54999999999995
753.14999999999998,0.08000000000000,516.41999999999996
753.00999999999999,0.08000000000000,520.05999999999995
752.88999999999999,0.08000000000000,523.45000000000005
752.76999999999998,0.08000000000000,526.59000000000003
752.65999999999997,0.08000000000000,529.49000000000001
752.55999999999995,0.08000000000000,532.16999999999996
752.47000000000003,0.08000000000000,534.63000000000000
752.38999999999999,0.08000000000000,536.88999999999999
752.30999999999995,0.08000000000000,538.96000000000004
752.24000000000001,0.08000000000000,540.88999999999999
752.16999999999996,0.08000000000000,542.70000000000005
752.11000000000001,0.08000000000000,544.45000000000005
752.03999999999996,0.08000000000000,546.17999999999995
751.98000000000002,0.08000000000000,547.91999999999996
751.91999999999996,0.08000000000000,549.65999999999997
751.85000000000002,0.08000000000000,551.38000000000000
751.78999999999996,0.08000000000000,553.04999999999995
751.73000000000002,0.08000000000000,554.64999999999998
751.67999999999995,0.08000000000000,556.15999999999997
751.62000000000000,0.08000000000000,557.63999999999999
751.57000000000005,0.08000000000000,559.11000000000001
751.50999999999999,0.08000000000000,560.63000000000000
751.45000000000005,0.08000000000000,562.24000000000001
751.38999999999999,0.08000000000000,563.97000000000003
751.32000000000005,0.08000000000000,565.80999999999995
751.25000000000000,0.08000000000000,567.73000000000002
751.16999999999996,0.08000000000000,569.71000000000004
751.10000000000002,0.08000000000000,571.71000000000004
751.02999999999997,0.08000000000000,573.72000000000003
750.95000000000005,0.08000000000000,575.76999999999998
750.87000000000000,0.08000000000000,577.89999999999998
750.78999999999996,0.08000000000000,580.13999999999999
750.70000000000005,0.08000000000000,582.52999999999997
750.60000000000002,0.08000000000000,585.10000000000002
750.49000000000001,0.08000000000000,587.84000000000003
750.38000000000000,0.08000000000000,590.74000000000001
750.26999999999998,0.08000000000000,593.77999999999997
750.16999999999996,0.08000000000000,596.92999999999995
750.05999999999995,0.08000000000000,600.21000000000004
749.92999999999995,0.08000000000000,603.60000000000002
749.75999999999999,0.08000000000000,607.14999999999998
749.51999999999998,0.08000000000000,610.86000000000001
749.17999999999995,0.08000000000000,614.75000000000000
748.72000000000003,0.08000000000000,618.84000000000003
748.13999999999999,0.08000000000000,623.07000000000005
747.44000000000005,0.08000000000000,627.37000000000000
746.61000000000001,0.08000000000000,631.66999999999996
745.64999999999998,0.08000000000000,635.91999999999996
744.57000000000005,0.08000000000000,640.04999999999995
743.36000000000001,0.09000000000000,644.12000000000000
742.00999999999999,0.10000000000000,648.15999999999997
740.52999999999997,0.11000000000000,652.23000000000002
738.90999999999997,0.13000000000000,656.38000000000000
737.13999999999999,0.17000000000000,660.65999999999997
735.19000000000005,0.21000000000000,665.03999999999996
733.01999999999998,0.25000000000000,669.50999999999999
730.60000000000002,0.29000000000000,674.02999999999997
727.88000000000000,0.32000000000000,678.58000000000004
724.84000000000003,0.34000000000000,683.12000000000000
721.51999999999998,0.39000000000000,687.59000000000003
717.99000000000001,0.48000000000000,691.92999999999995
714.28999999999996,0.66000000000000,696.07000000000005
710.49000000000001,0.95000000000000,699.92999999999995
706.61000000000001,1.37000000000000,703.47000000000003
702.58000000000004,1.92000000000000,706.64999999999998
698.30999999999995,2.58000000000000,709.45000000000005
693.69000000000005,3.33000000000000,711.87000000000000
688.63000000000000,4.14000000000000,713.88000000000000
683.07000000000005,5.01000000000000,715.47000000000003
677.13999999999999,5.92000000000000,716.69000000000005
671.00000000000000,6.84000000000000,717.59000000000003
664.82000000000005,7.77000000000000,718.23000000000002
658.76999999999998,8.68000000000000,718.65999999999997
652.97000000000003,9.57000000000000,718.92999999999995
647.36000000000001,10.44000000000000,719.09000000000003
641.83000000000004,11.31000000000000,719.17999999999995
636.26999999999998,12.19000000000000,719.23000000000002
630.55999999999995,13.10000000000000,719.27999999999997
624.63999999999999,14.04000000000000,719.37000000000000
618.51999999999998,15.02000000000000,719.48000000000002
612.29999999999995,16.01000000000000,719.62000000000000
606.01999999999998,17.01000000000000,719.76999999999998
599.75000000000000,18.01000000000000,719.90999999999997
593.55999999999995,19.00000000000000,720.04999999999995
587.42999999999995,19.99000000000000,720.16999999999996
581.36000000000001,20.96000000000000,720.28999999999996
575.32000000000005,21.93000000000000,720.41999999999996
569.29999999999995,22.90000000000000,720.54999999999995
563.27999999999997,23.86000000000000,720.70000000000005
557.21000000000004,24.83000000000000,720.85000000000002
551.05999999999995,25.81000000000000,721.00000000000000
544.75999999999999,26.81000000000000,721.12000000000000
538.28999999999996,27.85000000000000,721.22000000000003
531.61000000000001,28.91000000000000,721.25999999999999
524.79999999999995,30.00000000000000,721.26999999999998
517.94000000000005,31.07000000000000,721.23000000000002
511.14999999999998,32.12000000000000,721.13999999999999
504.50999999999999,33.12000000000000,721.00999999999999
498.08999999999997,34.05000000000000,720.84000000000003
491.79000000000002,34.92000000000000,720.62000000000000
485.49000000000001,35.75000000000000,720.35000000000002
479.06999999999999,36.54000000000000,720.03999999999996
472.41000000000003,37.32000000000000,719.66999999999996
465.41000000000003,38.09000000000000,719.25000000000000
458.13999999999999,38.85000000000000,718.76999999999998
450.72000000000003,39.62000000000000,718.24000000000001
443.23000000000002,40.40000000000000,717.64999999999998
435.79000000000002,41.18000000000000,717.00000000000000
428.48000000000002,41.97000000000000,716.27999999999997
421.29000000000002,42.78000000000000,715.50000000000000
414.19999999999999,43.60000000000000,714.67999999999995
407.18000000000001,44.42000000000000,713.82000000000005
400.19999999999999,45.25000000000000,712.92999999999995
393.23000000000002,46.08000000000000,712.02999999999997
386.24000000000001,46.92000000000000,711.12000000000000
379.19999999999999,47.78000000000000,710.25999999999999
372.07999999999998,48.66000000000000,709.46000000000004
364.82999999999998,49.56000000000000,708.75999999999999
357.44999999999999,50.50000000000000,708.16999999999996
349.97000000000003,51.45000000000000,707.67999999999995
342.47000000000003,52.42000000000000,707.25999999999999
335.00000000000000,53.39000000000000,706.88000000000000
327.63999999999999,54.36000000000000,706.51999999999998
320.39999999999998,55.32000000000000,706.14999999999998
313.22000000000003,56.29000000000000,705.76999999999998
305.95999999999998,57.27000000000000,705.38000000000000
298.50999999999999,58.29000000000000,704.97000000000003
290.75999999999999,59.36000000000000,704.55999999999995
282.63000000000000,60.48000000000000,704.13000000000000
274.23000000000002,61.65000000000000,703.73000000000002
265.75000000000000,62.83000000000000,703.36000000000001
257.32999999999998,64.00000000000000,703.08000000000004
249.15000000000001,65.14000000000000,702.89999999999998
241.31999999999999,66.23999999999999,702.84000000000003
233.77000000000001,67.29000000000001,702.88999999999999
226.38000000000000,68.31999999999999,703.00999999999999
219.02000000000001,69.34000000000000,703.17999999999995
211.58000000000001,70.36000000000000,703.36000000000001
203.94999999999999,71.40000000000001,703.51999999999998
196.16999999999999,72.45999999999999,703.66999999999996
188.28999999999999,73.52000000000000,703.80999999999995
180.37000000000000,74.58000000000000,703.95000000000005
172.44999999999999,75.63000000000000,704.09000000000003
164.61000000000001,76.65000000000001,704.23000000000002
156.93000000000001,77.64000000000000,704.37000000000000
149.52000000000001,78.58000000000000,704.51999999999998
142.46000000000001,79.47000000000000,704.64999999999998
135.88000000000000,80.29000000000001,704.77999999999997
129.83000000000001,81.04000000000001,704.89999999999998
124.30000000000000,81.70999999999999,705.00000000000000
119.23999999999999,82.31999999999999,705.10000000000002
114.61000000000000,82.87000000000000,705.19000000000005
110.36000000000000,83.37000000000000,705.26999999999998
106.45000000000000,83.83000000000000,705.34000000000003
102.81000000000000,84.26000000000001,705.40999999999997
99.38000000000000,84.65000000000001,705.48000000000002
96.09000000000000,85.03000000000000,705.53999999999996
92.88000000000000,85.40000000000001,705.60000000000002
89.70000000000000,85.76000000000001,705.65999999999997
86.56000000000000,86.11000000000000,705.72000000000003
83.48999999999999,86.45999999999999,705.77999999999997
80.50000000000000,86.79000000000001,705.84000000000003
77.62000000000000,87.11000000000000,705.89999999999998
74.86000000000000,87.41000000000000,705.95000000000005
72.23000000000000,87.70000000000000,706.00000000000000
69.69000000000000,87.98000000000000,706.04999999999995
67.22000000000000,88.23999999999999,706.10000000000002
64.81000000000000,88.50000000000000,706.13999999999999
62.44000000000000,88.76000000000001,706.19000000000005
60.08000000000000,89.01000000000001,706.24000000000001
57.71000000000000,89.26000000000001,706.27999999999997
55.29000000000000,89.52000000000000,706.33000000000004
52.81000000000000,89.78000000000000,706.38000000000000
50.22000000000000,90.05000000000000,706.42999999999995
47.52000000000000,90.33000000000000,706.48000000000002
44.65000000000000,90.63000000000000,706.52999999999997
41.61000000000000,90.94000000000000,706.59000000000003
38.36000000000000,91.27000000000000,706.65999999999997
34.88000000000000,91.63000000000000,706.72000000000003
31.25000000000000,91.98999999999999,706.78999999999996
27.54000000000000,92.36000000000000,706.87000000000000
23.84000000000000,92.73000000000000,706.94000000000005
20.23000000000000,93.09000000000000,707.00999999999999
16.75000000000000,93.43000000000001,707.08000000000004
13.33000000000000,93.76000000000001,707.13999999999999
9.88000000000000,94.09999999999999,707.21000000000004
6.28000000000000,94.44000000000000,707.27999999999997
2.43000000000000,94.81000000000000,707.36000000000001
-1.73000000000000,95.20999999999999,707.44000000000005
-6.15000000000000,95.62000000000000,707.51999999999998
-10.70000000000000,96.05000000000000,707.61000000000001
-15.29000000000000,96.45999999999999,707.70000000000005
-19.81000000000000,96.86000000000000,707.78999999999996
-24.18000000000000,97.23000000000000,707.88999999999999
-28.46000000000000,97.56999999999999,708.02999999999997
-32.75000000000000,97.89000000000000,708.24000000000001
-37.13000000000000,98.18000000000001,708.58000000000004
-41.69000000000000,98.44000000000000,709.08000000000004
-46.50000000000000,98.69000000000000,709.76999999999998
-51.51000000000000,98.91000000000000,710.63000000000000
-56.63000000000000,99.11000000000000,711.63000000000000
-61.79000000000000,99.29000000000001,712.74000000000001
-66.90000000000001,99.45000000000000,713.92999999999995
-71.90000000000001,99.59000000000000,715.17999999999995
-76.84999999999999,99.72000000000000,716.47000000000003
-81.81999999999999,99.84999999999999,717.80999999999995
-86.87000000000000,99.98999999999999,719.20000000000005
-92.08000000000000,100.16000000000000,720.63000000000000
-97.50000000000000,100.37000000000000,722.10000000000002
-103.13000000000000,100.62000000000000,723.61000000000001
-108.94000000000000,100.89000000000000,725.15999999999997
-114.90000000000001,101.19000000000000,726.75000000000000
-120.98999999999999,101.50000000000000,728.38000000000000
-127.18000000000001,101.83000000000000,730.03999999999996
-133.44000000000000,102.17000000000000,731.70000000000005
-139.75999999999999,102.51000000000001,733.30999999999995
-146.09999999999999,102.86000000000000,734.85000000000002
-152.41999999999999,103.20000000000000,736.25000000000000
-158.72000000000000,103.54000000000001,737.50999999999999
-165.00000000000000,103.87000000000000,738.60000000000002
-171.27000000000001,104.20000000000000,739.55999999999995
-177.53000000000000,104.52000000000000,740.38000000000000
-183.81000000000000,104.84000000000000,741.08000000000004
-190.11000000000001,105.16000000000000,741.65999999999997
-196.46000000000001,105.48000000000000,742.16999999999996
-202.86000000000001,105.79000000000001,742.63000000000000
-209.34999999999999,106.11000000000000,743.05999999999995
-215.94000000000000,106.43000000000001,743.51999999999998
-222.65000000000001,106.76000000000001,744.00999999999999
-229.53000000000000,107.08000000000000,744.52999999999997
-236.63999999999999,107.41000000000000,745.05999999999995
-244.02000000000001,107.73999999999999,745.59000000000003
-251.72999999999999,108.06999999999999,746.11000000000001
-259.76999999999998,108.41000000000000,746.59000000000003
-268.01999999999998,108.73000000000000,747.03999999999996
-276.29000000000002,109.05000000000000,747.42999999999995
-284.39999999999998,109.36000000000000,747.75000000000000
-292.17000000000002,109.65000000000001,748.00000000000000
-299.49000000000001,109.91000000000000,748.16999999999996
-306.50000000000000,110.17000000000000,748.25000000000000
-313.38999999999999,110.43000000000001,748.23000000000002
-320.38000000000000,110.69000000000000,748.12000000000000
-327.66000000000003,110.98000000000000,747.90999999999997
-335.38999999999999,111.29000000000001,747.61000000000001
-343.50999999999999,111.63000000000000,747.22000000000003
-351.88000000000000,111.98999999999999,746.76999999999998
-360.41000000000003,112.37000000000000,746.28999999999996
-368.95999999999998,112.75000000000000,745.77999999999997
-377.44999999999999,113.13000000000000,745.27999999999997
-385.87000000000000,113.52000000000000,744.76999999999998
-394.23000000000002,113.90000000000001,744.26999999999998
-402.55000000000001,114.29000000000001,743.76999999999998
-410.81999999999999,114.68000000000001,743.26999999999998
-419.06999999999999,115.06999999999999,742.76999999999998
-427.22000000000003,115.45000000000000,742.26999999999998
-435.20999999999998,115.83000000000000,741.78999999999996
-442.95999999999998,116.19000000000000,741.33000000000004
-450.39999999999998,116.53000000000000,740.88000000000000
-457.47000000000003,116.84999999999999,740.47000000000003
-464.18000000000001,117.15000000000001,740.05999999999995
-470.52999999999997,117.43000000000001,739.64999999999998
-476.56000000000000,117.70000000000000,739.20000000000005
-482.25999999999999,117.94000000000000,738.71000000000004
-487.66000000000003,118.17000000000000,738.14999999999998
-492.76999999999998,118.38000000000000,737.53999999999996
-497.60000000000002,118.56999999999999,736.88000000000000
-502.16000000000003,118.75000000000000,736.17999999999995
-506.45999999999998,118.92000000000000,735.45000000000005
-510.50999999999999,119.06999999999999,734.70000000000005
-514.33000000000004,119.22000000000000,733.94000000000005
-517.95000000000005,119.34999999999999,733.17999999999995
-521.38000000000000,119.47000000000000,732.44000000000005
-524.66999999999996,119.59000000000000,731.73000000000002
-527.82000000000005,119.70000000000000,731.05999999999995
-530.87000000000000,119.80000000000000,730.41999999999996
-533.85000000000002,119.90000000000001,729.79999999999995
-536.79999999999995,120.00000000000000,729.20000000000005
-539.75999999999999,120.09999999999999,728.62000000000000
-542.74000000000001,120.19000000000000,728.02999999999997
-545.76999999999998,120.28000000000000,727.42999999999995
-548.83000000000004,120.37000000000000,726.80999999999995
-551.94000000000005,120.45999999999999,726.14999999999998
-555.10000000000002,120.55000000000000,725.45000000000005
-558.30999999999995,120.64000000000000,724.70000000000005
-561.57000000000005,120.73000000000000,723.88999999999999
-564.88000000000000,120.81999999999999,723.02999999999997
-568.25000000000000,120.91000000000000,722.12000000000000
-571.65999999999997,120.98999999999999,721.16999999999996
-575.11000000000001,121.08000000000000,720.16999999999996
-578.58000000000004,121.16000000000000,719.09000000000003
-582.04999999999995,121.25000000000000,717.90999999999997
-585.48000000000002,121.33000000000000,716.57000000000005
-588.84000000000003,121.41000000000000,715.04999999999995
-592.11000000000001,121.50000000000000,713.32000000000005
-595.26999999999998,121.58000000000000,711.34000000000003
-598.28999999999996,121.66000000000000,709.10000000000002
-601.15999999999997,121.73000000000000,706.57000000000005
-603.85000000000002,121.80000000000000,703.74000000000001
-606.35000000000002,121.87000000000000,700.58000000000004
-608.66999999999996,121.92000000000000,697.13000000000000
-610.79999999999995,121.95999999999999,693.39999999999998
-612.76999999999998,121.98000000000000,689.42999999999995
-614.55999999999995,121.98000000000000,685.24000000000001
-616.21000000000004,121.95999999999999,680.86000000000001
-617.73000000000002,121.92000000000000,676.28999999999996
-619.15999999999997,121.87000000000000,671.51999999999998
-620.51999999999998,121.80000000000000,666.53999999999996
-621.86000000000001,121.72000000000000,661.36000000000001
-623.19000000000005,121.64000000000000,655.97000000000003
-624.50000000000000,121.55000000000000,650.42999999999995
-625.77999999999997,121.45000000000000,644.82000000000005
-627.00000000000000,121.36000000000000,639.19000000000005
-628.13999999999999,121.26000000000001,633.63000000000000
-629.19000000000005,121.16000000000000,628.16999999999996
-630.13999999999999,121.06000000000000,622.75000000000000
-631.00000000000000,120.95000000000000,617.27999999999997
-631.76999999999998,120.83000000000000,611.65999999999997
-632.42999999999995,120.70999999999999,605.82000000000005
-633.00000000000000,120.58000000000000,599.69000000000005
-633.48000000000002,120.45000000000000,593.29999999999995
-633.87000000000000,120.31000000000000,586.74000000000001
-634.15999999999997,120.16000000000000,580.05999999999995
-634.38000000000000,120.01000000000001,573.35000000000002
-634.51999999999998,119.86000000000000,566.64999999999998
-634.63000000000000,119.70999999999999,559.95000000000005
-634.75000000000000,119.56000000000000,553.21000000000004
-634.95000000000005,119.40000000000001,546.39999999999998
-635.27999999999997,119.23000000000000,539.49000000000001
-635.75999999999999,119.06000000000000,532.46000000000004
-636.38000000000000,118.89000000000000,525.30999999999995
-637.10000000000002,118.70999999999999,518.05999999999995
-637.88999999999999,118.53000000000000,510.73000000000002
-638.71000000000004,118.34999999999999,503.33999999999997
-639.51999999999998,118.16000000000000,495.89999999999998
-640.32000000000005,117.97000000000000,488.44000000000000
-641.09000000000003,117.78000000000000,480.99000000000001
-641.80999999999995,117.59000000000000,473.57999999999998
-642.48000000000002,117.40000000000001,466.23000000000002
-643.09000000000003,117.22000000000000,458.95999999999998
-643.63999999999999,117.03000000000000,451.69000000000000
-644.15999999999997,116.84000000000000,444.36000000000001
-644.65999999999997,116.64000000000000,436.88000000000000
-645.16999999999996,116.44000000000000,429.17000000000002
-645.69000000000005,116.22000000000000,421.16000000000003
-646.23000000000002,116.00000000000000,412.91000000000003
-646.77999999999997,115.78000000000000,404.45999999999998
-647.33000000000004,115.55000000000000,395.88999999999999
-647.89999999999998,115.31000000000000,387.24000000000001
-648.46000000000004,115.08000000000000,378.58999999999997
-649.01999999999998,114.84000000000000,369.94000000000000
-649.58000000000004,114.61000000000000,361.30000000000001
-650.13999999999999,114.37000000000000,352.69000000000000
-650.69000000000005,114.13000000000000,344.11000000000001
-651.25000000000000,113.90000000000001,335.58999999999997
-651.78999999999996,113.67000000000000,327.18000000000001
-652.33000000000004,113.44000000000000,318.93000000000001
-652.85000000000002,113.20999999999999,310.91000000000003
-653.35000000000002,113.00000000000000,303.19000000000000
-653.83000000000004,112.79000000000001,295.80000000000001
-654.27999999999997,112.59000000000000,288.74000000000001
-654.72000000000003,112.40000000000001,281.99000000000001
-655.13999999999999,112.22000000000000,275.52999999999997
-655.53999999999996,112.04000000000001,269.33999999999997
-655.92999999999995,111.87000000000000,263.41000000000003
-656.28999999999996,111.70999999999999,257.75000000000000
-656.63999999999999,111.56000000000000,252.38000000000000
-656.97000000000003,111.42000000000000,247.31999999999999
-657.26999999999998,111.28000000000000,242.59999999999999
-657.55999999999995,111.16000000000000,238.24000000000001
-657.82000000000005,111.04000000000001,234.19999999999999
-658.05999999999995,110.93000000000001,230.47999999999999
-658.27999999999997,110.84000000000000,227.03999999999999
-658.49000000000001,110.73999999999999,223.87000000000000
-658.67999999999995,110.66000000000000,220.93000000000001
-658.85000000000002,110.58000000000000,218.19999999999999
-659.01999999999998,110.51000000000001,215.63999999999999
-659.16999999999996,110.44000000000000,213.22999999999999
-659.32000000000005,110.37000000000000,210.91999999999999
-659.47000000000003,110.31000000000000,208.69000000000000
-659.61000000000001,110.23999999999999,206.52000000000001
-659.74000000000001,110.18000000000001,204.38999999999999
-659.88000000000000,110.12000000000000,202.30000000000001
-660.00999999999999,110.06000000000000,200.22000000000000
-660.14999999999998,110.00000000000000,198.13999999999999
-660.27999999999997,109.94000000000000,196.05000000000001
-660.41999999999996,109.88000000000000,193.96000000000001
-660.55999999999995,109.81999999999999,191.86000000000001
-660.69000000000005,109.76000000000001,189.74000000000001
-660.83000000000004,109.70000000000000,187.61000000000001
-660.97000000000003,109.63000000000000,185.44999999999999
-661.11000000000001,109.56999999999999,183.24000000000001
-661.25999999999999,109.50000000000000,180.97000000000000
-661.40999999999997,109.44000000000000,178.63000000000000
-661.57000000000005,109.37000000000000,176.21000000000001
-661.73000000000002,109.29000000000001,173.68000000000001
-661.89999999999998,109.20999999999999,171.03000000000000
-662.08000000000004,109.13000000000000,168.25999999999999
-662.26999999999998,109.05000000000000,165.34999999999999
-662.47000000000003,108.95999999999999,162.28000000000000
-662.67999999999995,108.87000000000000,159.06999999999999
-662.88999999999999,108.77000000000000,155.72000000000000
-663.12000000000000,108.67000000000000,152.22999999999999
-663.35000000000002,108.56000000000000,148.62000000000000
-663.59000000000003,108.45000000000000,144.88000000000000
-663.84000000000003,108.34000000000000,141.03000000000000
-664.10000000000002,108.22000000000000,137.09000000000000
-664.36000000000001,108.09999999999999,133.06000000000000
-664.63000000000000,107.98000000000000,128.97000000000000
-664.89999999999998,107.86000000000000,124.81999999999999
-665.17999999999995,107.73999999999999,120.55000000000000
-665.47000000000003,107.61000000000000,116.13000000000000
-665.76999999999998,107.47000000000000,111.50000000000000
-666.07000000000005,107.33000000000000,106.61000000000000
-666.38999999999999,107.17000000000000,101.42000000000000
-666.72000000000003,107.01000000000001,96.04000000000001
-667.09000000000003,106.84999999999999,90.56999999999999
-667.49000000000001,106.69000000000000,85.13000000000000
-667.94000000000005,106.53000000000000,79.83000000000000
-668.45000000000005,106.38000000000000,74.75000000000000
-669.00999999999999,106.23999999999999,69.81000000000000
-669.62000000000000,106.09000000000000,64.88000000000000
-670.27999999999997,105.94000000000000,59.84000000000000
-670.97000000000003,105.78000000000000,54.55000000000000
-671.71000000000004,105.61000000000000,48.93000000000000
-672.46000000000004,105.43000000000001,43.06000000000000
-673.23000000000002,105.25000000000000,37.03000000000000
-674.00000000000000,105.06999999999999,30.94000000000000
-674.75000000000000,104.89000000000000,24.92000000000000
-675.49000000000001,104.70999999999999,19.04000000000000
-676.21000000000004,104.54000000000001,13.35000000000000
-676.92999999999995,104.38000000000000,7.88000000000000
-677.63999999999999,104.22000000000000,2.64000000000000
-678.36000000000001,104.06999999999999,-2.32000000000000
-679.08000000000004,103.93000000000001,-6.99000000000000
-679.80999999999995,103.80000000000000,-11.37000000000000
-680.54999999999995,103.67000000000000,-15.44000000000000
-681.26999999999998,103.56000000000000,-19.21000000000000
-681.98000000000002,103.45000000000000,-22.67000000000000
-682.67999999999995,103.36000000000000,-25.83000000000000
-683.37000000000000,103.27000000000000,-28.77000000000000
-684.05999999999995,103.18000000000001,-31.55000000000000
-684.75000000000000,103.09999999999999,-34.27000000000000
-685.46000000000004,103.01000000000001,-37.01000000000000
-686.20000000000005,102.92000000000000,-39.82000000000000
-686.95000000000005,102.84000000000000,-42.68000000000000
-687.72000000000003,102.75000000000000,-45.54000000000000
-688.50999999999999,102.66000000000000,-48.37000000000000
-689.29999999999995,102.56999999999999,-51.10000000000000
-690.10000000000002,102.48999999999999,-53.73000000000000
-690.90999999999997,102.41000000000000,-56.27000000000000
-691.73000000000002,102.33000000000000,-58.78000000000000
-692.58000000000004,102.25000000000000,-61.32000000000000
-693.46000000000004,102.17000000000000,-63.93000000000000
-694.36000000000001,102.09000000000000,-66.65000000000001
-695.30999999999995,102.00000000000000,-69.47000000000000
-696.30999999999995,101.91000000000000,-72.36000000000000
-697.37000000000000,101.81999999999999,-75.28000000000000
-698.50999999999999,101.72000000000000,-78.22000000000000
-699.72000000000003,101.63000000000000,-81.14000000000000
-701.02999999999997,101.53000000000000,-84.06999999999999
-702.46000000000004,101.44000000000000,-87.04000000000001
-704.01999999999998,101.34000000000000,-90.06000000000000
-705.73000000000002,101.23999999999999,-93.17000000000000
-707.61000000000001,101.13000000000000,-96.39000000000000
-709.63999999999999,101.02000000000000,-99.73999999999999
-711.78999999999996,100.91000000000000,-103.22000000000000
-714.07000000000005,100.78000000000000,-106.84999999999999
-716.44000000000005,100.65000000000001,-110.65000000000001
-718.89999999999998,100.51000000000001,-114.62000000000000
-721.41999999999996,100.37000000000000,-118.73000000000000
-724.01999999999998,100.20999999999999,-122.95000000000000
-726.67999999999995,100.06000000000000,-127.23999999999999
-729.39999999999998,99.89000000000000,-131.59000000000000
-732.17999999999995,99.72000000000000,-135.94999999999999
-735.01999999999998,99.55000000000000,-140.34999999999999
-737.96000000000004,99.37000000000000,-144.78000000000000
-741.01999999999998,99.18000000000001,-149.27000000000001
-744.21000000000004,98.98000000000000,-153.83000000000001
-747.53999999999996,98.78000000000000,-158.47000000000000
-751.00000000000000,98.56999999999999,-163.16000000000000
-754.52999999999997,98.34999999999999,-167.88999999999999
-758.09000000000003,98.13000000000000,-172.61000000000001
-761.64999999999998,97.91000000000000,-177.30000000000001
-765.17999999999995,97.68000000000001,-181.94999999999999
-768.67999999999995,97.45000000000000,-186.59999999999999
-772.20000000000005,97.22000000000000,-191.28999999999999
-775.75000000000000,96.98000000000000,-196.06999999999999
-779.36000000000001,96.73999999999999,-201.00000000000000
-783.04999999999995,96.48000000000000,-206.12000000000000
-786.80999999999995,96.20999999999999,-211.41999999999999
-790.62000000000000,95.93000000000001,-216.91999999999999
-794.48000000000002,95.64000000000000,-222.59999999999999
-798.36000000000001,95.34000000000000,-228.47000000000000
-802.24000000000001,95.03000000000000,-234.52000000000001
-806.10000000000002,94.72000000000000,-240.69999999999999
-809.89999999999998,94.40000000000001,-246.96000000000001
-813.61000000000001,94.08000000000000,-253.25000000000000
-817.19000000000005,93.76000000000001,-259.51999999999998
-820.62000000000000,93.45000000000000,-265.74000000000001
-823.86000000000001,93.15000000000001,-271.86000000000001
-826.89999999999998,92.84999999999999,-277.88999999999999
-829.71000000000004,92.56000000000000,-283.77999999999997
-832.27999999999997,92.28000000000000,-289.54000000000002
-834.59000000000003,92.02000000000000,-295.12000000000000
-836.62000000000000,91.77000000000000,-300.49000000000001
-838.37000000000000,91.54000000000001,-305.60000000000002
-839.82000000000005,91.31999999999999,-310.41000000000003
-840.98000000000002,91.13000000000000,-314.85000000000002
-841.84000000000003,90.95000000000000,-318.89999999999998
-842.47000000000003,90.79000000000001,-322.61000000000001
-842.98000000000002,90.65000000000001,-326.02999999999997
-843.42999999999995,90.51000000000001,-329.22000000000003
-843.91999999999996,90.39000000000000,-332.25000000000000
-844.50999999999999,90.26000000000001,-335.14999999999998
-845.17999999999995,90.14000000000000,-337.94999999999999
-845.87000000000000,90.02000000000000,-340.62000000000000
-846.53999999999996,89.91000000000000,-343.17000000000002
-847.13999999999999,89.80000000000000,-345.58999999999997
-847.61000000000001,89.70000000000000,-347.87000000000000
-847.99000000000001,89.59999999999999,-350.05000000000001
-848.28999999999996,89.51000000000001,-352.13000000000000
-848.53999999999996,89.42000000000000,-354.13000000000000
-848.75999999999999,89.34000000000000,-356.06999999999999
-848.97000000000003,89.25000000000000,-357.99000000000001
-849.17999999999995,89.16000000000000,-359.88000000000000
-849.38999999999999,89.08000000000000,-361.76999999999998
-849.60000000000002,88.98999999999999,-363.68000000000001
-849.80999999999995,88.90000000000001,-365.62000000000000
-850.02999999999997,88.81000000000000,-367.61000000000001
-850.25000000000000,88.72000000000000,-369.68000000000001
-850.47000000000003,88.62000000000000,-371.83999999999997
-850.67999999999995,88.52000000000000,-374.10000000000002
-850.88999999999999,88.41000000000000,-376.50000000000000
-851.09000000000003,88.29000000000001,-379.04000000000002
-851.26999999999998,88.17000000000000,-381.70999999999998
-851.42999999999995,88.04000000000001,-384.48000000000002
-851.57000000000005,87.91000000000000,-387.33999999999997
-851.65999999999997,87.77000000000000,-390.25999999999999
-851.72000000000003,87.63000000000000,-393.22000000000003
-851.72000000000003,87.48999999999999,-396.25999999999999
-851.65999999999997,87.34999999999999,-399.39999999999998
-851.53999999999996,87.20000000000000,-402.66000000000003
-851.35000000000002,87.04000000000001,-406.10000000000002
-851.07000000000005,86.87000000000000,-409.70999999999998
-850.73000000000002,86.69000000000000,-413.50000000000000
-850.33000000000004,86.51000000000001,-417.44999999999999
-849.89999999999998,86.31999999999999,-421.51999999999998
-849.42999999999995,86.13000000000000,-425.70999999999998
-848.95000000000005,85.93000000000001,-429.99000000000001
-848.45000000000005,85.73000000000000,-434.36000000000001
-847.92999999999995,85.52000000000000,-438.82999999999998
-847.37000000000000,85.31000000000000,-443.41000000000003
-846.76999999999998,85.09000000000000,-448.07999999999998
-846.12000000000000,84.87000000000000,-452.87000000000000
-845.41999999999996,84.65000000000001,-457.80000000000001
-844.66999999999996,84.42000000000000,-462.92000000000002
-843.86000000000001,84.18000000000001,-468.25000000000000
-843.00000000000000,83.93000000000001,-473.83999999999997
-842.09000000000003,83.67000000000000,-479.69000000000000
-841.13999999999999,83.40000000000001,-485.73000000000002
-840.21000000000004,83.14000000000000,-491.85000000000002
-839.29999999999995,82.87000000000000,-497.93000000000001
-838.46000000000004,82.62000000000000,-503.87000000000000
-837.71000000000004,82.38000000000000,-509.60000000000002
-837.04999999999995,82.14000000000000,-515.17999999999995
-836.47000000000003,81.92000000000000,-520.71000000000004
-835.97000000000003,81.69000000000000,-526.30999999999995
-835.54999999999995,81.45999999999999,-532.05999999999995
-835.21000000000004,81.23000000000000,-538.04999999999995
-834.96000000000004,80.98999999999999,-544.28999999999996
-834.84000000000003,80.73999999999999,-550.73000000000002
-834.88000000000000,80.48000000000000,-557.36000000000001
-835.10000000000002,80.20000000000000,-564.14999999999998
-835.50999999999999,79.92000000000000,-571.05999999999995
-836.10000000000002,79.63000000000000,-578.00000000000000
-836.83000000000004,79.33000000000000,-584.86000000000001
-837.65999999999997,79.05000000000000,-591.53999999999996
-838.55999999999995,78.77000000000000,-597.94000000000005
-839.49000000000001,78.51000000000001,-603.97000000000003
-840.42999999999995,78.28000000000000,-609.63999999999999
-841.33000000000004,78.06000000000000,-615.00000000000000
-842.15999999999997,77.84999999999999,-620.08000000000004
-842.89999999999998,77.66000000000000,-624.90999999999997
-843.51999999999998,77.48000000000000,-629.53999999999996
-844.01999999999998,77.31999999999999,-633.92999999999995
-844.40999999999997,77.17000000000000,-638.07000000000005
-844.70000000000005,77.03000000000000,-641.91999999999996
-844.91999999999996,76.91000000000000,-645.46000000000004
-845.05999999999995,76.80000000000000,-648.66999999999996
-845.13999999999999,76.70000000000000,-651.60000000000002
-845.19000000000005,76.61000000000000,-654.29999999999995
-845.23000000000002,76.54000000000001,-656.80999999999995
-845.25999999999999,76.47000000000000,-659.21000000000004
-845.29999999999995,76.43000000000001,-661.52999999999997
-845.36000000000001,76.39000000000000,-663.77999999999997
-845.41999999999996,76.36000000000000,-665.99000000000001
-845.47000000000003,76.34000000000000,-668.15999999999997
-845.50000000000000,76.33000000000000,-670.29999999999995
-845.50000000000000,76.33000000000000,-672.41999999999996
-845.46000000000004,76.33000000000000,-674.48000000000002
-845.35000000000002,76.33000000000000,-676.47000000000003
-845.14999999999998,76.33000000000000,-678.34000000000003
-844.84000000000003,76.34000000000000,-680.07000000000005
-844.39999999999998,76.34000000000000,-681.63000000000000
-843.88000000000000,76.34000000000000,-683.02999999999997
-843.28999999999996,76.34999999999999,-684.26999999999998
-842.69000000000005,76.34999999999999,-685.38000000000000
-842.10000000000002,76.34999999999999,-686.35000000000002
-841.54999999999995,76.34000000000000,-687.21000000000004
-841.03999999999996,76.34000000000000,-687.97000000000003
-840.52999999999997,76.34000000000000,-688.63999999999999
-840.01999999999998,76.33000000000000,-689.24000000000001
-839.48000000000002,76.31999999999999,-689.78999999999996
-838.88000000000000,76.30000000000000,-690.28999999999996
-838.23000000000002,76.28000000000000,-690.75999999999999
-837.52999999999997,76.26000000000001,-691.19000000000005
-836.77999999999997,76.23999999999999,-691.60000000000002
-835.97000000000003,76.20999999999999,-691.98000000000002
-835.11000000000001,76.18000000000001,-692.34000000000003
-834.20000000000005,76.15000000000001,-692.67999999999995
-833.23000000000002,76.11000000000000,-692.99000000000001
-832.21000000000004,76.08000000000000,-693.27999999999997
-831.13999999999999,76.04000000000001,-693.53999999999996
-830.00000000000000,76.00000000000000,-693.76999999999998
-828.80999999999995,75.95000000000000,-693.98000000000002
-827.54999999999995,75.91000000000000,-694.15999999999997
-826.24000000000001,75.86000000000000,-694.33000000000004
-824.88000000000000,75.81000000000000,-694.48000000000002
-823.45000000000005,75.76000000000001,-694.62000000000000
-821.90999999999997,75.70000000000000,-694.75999999999999
-820.23000000000002,75.64000000000000,-694.88000000000000
-818.36000000000001,75.56999999999999,-695.00000000000000
-816.24000000000001,75.48999999999999,-695.13000000000000
-813.87000000000000,75.40000000000001,-695.25000000000000
-811.32000000000005,75.31000000000000,-695.37000000000000
-808.72000000000003,75.20999999999999,-695.49000000000001
-806.15999999999997,75.11000000000000,-695.59000000000003
-803.76999999999998,75.02000000000000,-695.66999999999996
-801.65999999999997,74.94000000000000,-695.73000000000002
-799.92999999999995,74.88000000000000,-695.75999999999999
-798.71000000000004,74.83000000000000,-695.75999999999999
-798.09000000000003,74.81000000000000,-695.72000000000003
